Sample	1.0	2.0	3.0	4.0	5.0	6.0	7.0	8.0	9.0	>100	>5k	>500	>50	>10k+	>1k	>10
230929-COI-COL-071-B1_S107_L001_R1_001										27.46784605128372	0.0	0.0	16.95582185655518	0.0	0.0	19.1525341051365
230929-COI-COL-071-B1_S107_L001_R2_001										9.573828067836295	0.0	2.847108177102811	3.1804360904700735	18.74115868034666	31.69541958667339	7.338092063543682
230929-COI-COL-071-B2_S108_L001_R1_001										33.17348691772442	0.0	0.0	17.014991781092807	0.0	0.0	16.90005067296165
230929-COI-COL-071-B2_S108_L001_R2_001										8.773837920678277	0.0	3.958670638108539	3.2838551000482012	30.083672183015906	24.681440100851553	6.075811694330808
230929-COI-COL-071-B3_S109_L001_R1_001										33.9303641507712	0.0	0.0	15.104499406771927	0.0	0.0	16.90814091448389
230929-COI-COL-071-B3_S109_L001_R2_001										8.73528338048736	0.0	3.57419914210094	2.7505247786802958	28.861686593045544	24.427306744546865	6.261978643789358
230929-COI-COL-071-S1_S104_L001_R1_001										29.934953051329654	0.0	0.0	27.20752247258545	0.0	0.0	15.322763760702026
230929-COI-COL-071-S1_S104_L001_R2_001										2.477660981180462	38.31492339953786	1.4892679213025417	1.4024496119889407	0.0	26.002751472572093	7.179206347086244
230929-COI-COL-071-S2_S105_L001_R1_001										37.550374882849106	0.0	2.4121368322399253	14.891049671977507	0.0	0.0	21.23477038425492
230929-COI-COL-071-S2_S105_L001_R2_001										3.2075913776944707	0.0	5.284676663542643	2.696813495782568	36.14222118088097	27.443767572633554	5.399484536082475
230929-COI-COL-071-S3_S106_L001_R1_001										41.400354175180496	0.0	8.229124097534395	6.049584525269037	0.0	0.0	19.2739408799891
230929-COI-COL-071-S3_S106_L001_R2_001										4.096172183626209	19.55591881215093	2.920583026835581	1.5215910638877537	22.127775507424058	24.626072742133225	5.0306497752349815
230929-COI-COL-072-B1_S113_L001_R1_001										47.12249490944165	0.0	5.235832767715738	4.846449707665011	0.0	0.0	15.056144988628109
230929-COI-COL-072-B1_S113_L001_R2_001										7.959132640302932	9.872706271806047	3.8259564891222806	2.9852701270555735	39.74088760285309	8.861739244334894	6.4444682599221235
230929-COI-COL-072-B2_S114_L001_R1_001										26.078623512119204	0.0	43.38991843675245	1.838775686658789	0.0	2.968556359339424	6.715277977923163
230929-COI-COL-072-B2_S114_L001_R2_001										4.194887166037409	10.266017234919445	1.5347148168429547	1.4669856183531718	58.26152116897715	5.909732829927659	3.9383808398420617
230929-COI-COL-072-S1_S110_L001_R1_001										21.780492574570637	0.0	25.56740403308371	3.5867527119209486	0.0	0.0	17.694493333793467
230929-COI-COL-072-S1_S110_L001_R2_001										8.560812598497659	8.893260171860442	1.3493460330607034	3.3440314732373952	36.14360814899173	11.568945485499995	6.9146794584210465
230929-COI-COL-072-S2_S111_L001_R1_001										36.68563169840511	0.0	15.548951155713429	0.8824337665774393	0.0	0.0	14.798831564055329
230929-COI-COL-072-S2_S111_L001_R2_001										6.650313991715097	17.250715005445237	2.6381410876225178	4.327691321207927	26.837385879024133	0.0	14.196293167499569
230929-COI-COL-072-S3_S112_L001_R1_001										57.417830678268054	0.0	2.0577831711032504	1.4678164777568357	0.0	0.0	11.222276729234979
230929-COI-COL-072-S3_S112_L001_R2_001										3.561746404688751	0.0	5.175440861325553	3.4649247372905423	58.83013606671659	1.3542123880096049	6.738788050915287
230929-COI-COL-073-B1_S118_L001_R1_001										34.997710597143275	0.0	0.0	15.26305797214746	0.0	0.0	22.62488413387981
230929-COI-COL-073-B1_S118_L001_R2_001										4.8300816367555255	19.36611460415666	3.523446835598539	2.567481545179411	14.659995756228849	25.51176529711982	6.070826306913997
230929-COI-COL-073-B2_S119_L001_R1_001										46.9880855472508	0.0	0.0	12.919657613655986	0.0	0.0	11.20032561237327
230929-COI-COL-073-B2_S119_L001_R2_001										8.030538493796097	17.099583117491797	2.9095438960013813	2.2484521078467647	31.100915168109722	12.25856582550137	6.270504945854609
230929-COI-COL-073-B3_S120_L001_R1_001										29.17661437016826	0.0	0.0	16.663824465666213	0.0	0.0	18.735788994997726
230929-COI-COL-073-B3_S120_L001_R2_001										11.188324238290132	9.947703501591633	7.013130968622101	2.0392792178262846	17.74101864483856	23.024670304683948	5.511027739881764
230929-COI-COL-073-S1_S115_L001_R1_001										25.35040259021003	0.0	0.0	15.121629105781109	0.0	0.0	23.39070421335151
230929-COI-COL-073-S1_S115_L001_R2_001										6.999531376475099	31.06334938013888	14.535849699654923	1.7956801431431857	0.0	13.176841477442167	6.264644485153155
230929-COI-COL-073-S2_S116_L001_R1_001										42.31672611132514	0.0	4.186809499546397	12.60765282662458	0.0	0.0	18.26587296655772
230929-COI-COL-073-S2_S116_L001_R2_001										5.154908223246797	20.28160612424969	0.761802975132663	2.4320528912473436	28.26251755377981	17.414592317347484	5.190947841972485
230929-COI-COL-073-S3_S117_L001_R1_001										43.012905010659246	0.0	7.861804097707041	13.03194519032043	0.0	0.0	10.61205227098895
230929-COI-COL-073-S3_S117_L001_R2_001										4.291363569789581	18.984849224560204	4.183957428111117	2.6281957395563804	36.793112988006314	6.5322462529902845	4.620091457957005
230929-COI-COL-074-B1_S124_L001_R1_001										34.269216632480045	0.0	0.0	13.805859546365351	0.0	0.0	22.705445749991107
230929-COI-COL-074-B1_S124_L001_R2_001										5.228773668796908	20.440829489809225	4.721309920442015	2.2634305972184348	12.853772186718205	25.81425404014655	6.358710472960956
230929-COI-COL-074-B2_S125_L001_R1_001										48.471766296102174	0.0	0.0	13.763758241151969	0.0	0.0	10.363852031668092
230929-COI-COL-074-B2_S125_L001_R2_001										6.711538992027806	16.759537667926402	1.2799646906292241	2.5502744751868915	34.34388016882293	7.824611734848694	5.781909464566494
230929-COI-COL-074-B3_S126_L001_R1_001										43.722764058933386	0.0	0.0	11.563025985105254	0.0	0.0	13.03059648151991
230929-COI-COL-074-B3_S126_L001_R2_001										7.170690092458094	28.605519817389503	6.372921998570473	3.030827050333172	13.005233912061055	12.121002513200064	6.354476493509488
230929-COI-COL-074-S1_S121_L001_R1_001										39.66509615743215	0.0	12.322074563966137	4.9228627192600785	0.0	0.0	14.817070896682042
230929-COI-COL-074-S1_S121_L001_R2_001										6.984000696162405	0.0	3.586479531582153	2.0337887395731036	47.74430949391479	12.663940030581418	6.240598699668079
230929-COI-COL-074-S2_S122_L001_R1_001										37.119113573407205	0.0	19.718493264199637	3.821294126003268	0.0	0.0	13.60300210715723
230929-COI-COL-074-S2_S122_L001_R2_001										6.958354049766792	0.0	2.8565002249212776	2.699055330634278	58.78613537893316	6.527452233823425	5.267893079527428
230929-COI-COL-074-S3_S123_L001_R1_001										52.8321209656772	0.0	1.611470052259823	3.1295652042952455	0.0	0.0	13.081522312083013
230929-COI-COL-074-S3_S123_L001_R2_001										5.954908959472281	0.0	4.355487281434962	3.2651094142984083	48.14379734634558	9.631169144113617	5.6823144926881435
230929-COI-COL-075-B1_S130_L001_R1_001										36.620917707169795	0.0	0.6348082856858472	13.305537430464161	0.0	0.0	17.71822917242676
230929-COI-COL-075-B1_S130_L001_R2_001										7.173112440694086	43.16806936441756	3.891795047610622	2.1654261731235	0.0	15.801638999789871	6.678758253060684
230929-COI-COL-075-B2_S131_L001_R1_001										32.646981512310525	0.0	0.8718128450013143	14.934723560851658	0.0	0.0	13.91249744443471
230929-COI-COL-075-B2_S131_L001_R2_001										10.533309968164959	34.5746079032682	5.051257338123192	2.213849703554426	0.0	13.077192675019713	6.999328251409212
230929-COI-COL-075-B3_S132_L001_R1_001										32.66571121461841	0.0	0.0	14.460766750268721	0.0	0.0	19.591544249372987
230929-COI-COL-075-B3_S132_L001_R2_001										5.313507703332139	30.994864445240655	5.216768183446793	2.52358772244118	0.0	17.901588439030217	7.570763167323539
230929-COI-COL-075-S1_S127_L001_R1_001										30.306781485468242	0.0	0.0	6.207750269106566	0.0	1.1969860064585576	26.956942949407964
230929-COI-COL-075-S1_S127_L001_R2_001										11.136706135629709	8.805166846071044	6.475780409041981	2.9558665231431647	19.53713670613563	16.72766415500538	7.409041980624327
230929-COI-COL-075-S2_S128_L001_R1_001										17.520830801226214	0.0	0.0	18.959067644397628	0.0	1.3639617010358005	29.819443881753976
230929-COI-COL-075-S2_S128_L001_R2_001										9.212818539075478	23.583032856621966	4.623965212224338	2.448378776215749	0.0	30.35017353374117	5.898796742697403
230929-COI-COL-075-S3_S129_L001_R1_001										31.841102516713445	0.0	0.7803408857553563	10.321263148287585	0.0	0.0	24.660597348666347
230929-COI-COL-075-S3_S129_L001_R2_001										9.705204554270198	0.0	2.6159673260775325	3.0631802313642273	30.72421110274488	24.256736714810508	6.606657996212381
230929-COI-COL-076-B1_S136_L001_R1_001										0.0	0.0	0.0	3.829787234042553	0.0	3.4060584204832307	39.2084385142445
230929-COI-COL-076-B1_S136_L001_R2_001										16.42084385142445	0.0	12.704652001442481	4.819689866570501	0.0	22.03209520375045	8.66209880995312
230929-COI-COL-076-B2_S137_L001_R1_001										14.623159634395815	0.0	0.0	11.171686838047828	0.0	3.5844930617838826	29.455926959781525
230929-COI-COL-076-B2_S137_L001_R2_001										11.167655920913406	7.3614624167363685	8.149506716515676	3.3849626636300423	15.210665806737678	18.31346427095825	8.042687412453517
230929-COI-COL-076-B3_S138_L001_R1_001										24.26085994658913	0.0	1.5217356952104042	9.59341371300349	0.0	0.0	23.156297899909926
230929-COI-COL-076-B3_S138_L001_R2_001										13.681399427966436	8.932888769495758	7.47120079642242	4.274449694230678	19.575557416683786	11.715626629584564	8.052715579223488
230929-COI-COL-076-S1_S133_L001_R1_001										20.32997583456299	0.0	0.5528111032698189	19.230769230769234	0.0	1.4713115630546825	24.703278373003144
230929-COI-COL-076-S1_S133_L001_R2_001										7.852697760954641	0.0	5.3623746284296745	3.4451786745364728	21.239922157353348	29.642223220204873	6.3354077115545
230929-COI-COL-076-S2_S134_L001_R1_001										30.14808725083012	0.0	0.0	11.964424894032735	0.0	1.673054953502525	19.695497592381034
230929-COI-COL-076-S2_S134_L001_R2_001										7.492980002348896	16.267176306039868	4.788545926266002	3.9856503774249687	0.0	15.309467120786666	8.453892228355452
230929-COI-COL-076-S3_S135_L001_R1_001										24.90315165806343	0.0	0.0	15.58490453874429	0.0	1.8596863203574718	18.94462553625744
230929-COI-COL-076-S3_S135_L001_R2_001										12.083502590878917	10.832152658747065	5.8445868959982565	3.050598924017398	16.879848609446057	18.94462553625744	7.220774588580317
230929-COI-COL-077-B1_S146_L001_R1_001										39.37359128474831	0.0	0.8170548459804657	8.167417981467569	0.0	0.0	18.987916353618832
230929-COI-COL-077-B1_S146_L001_R2_001										5.490859003255697	21.31542699724518	4.878850488354621	2.779864763335838	19.155396944653145	11.122589531680442	7.60862759829702
230929-COI-COL-077-B2_S147_L001_R1_001										39.693491673853906	0.0	0.0	8.58156969415511	0.0	1.611048453083881	15.82962913819412
230929-COI-COL-077-B2_S147_L001_R2_001										9.765806408810455	24.491917114487276	6.018487803799288	2.2789093080342333	16.977376766403506	8.67887392467768	7.045710873747761
230929-COI-COL-077-B3_S148_L001_R1_001										27.509163520980362	0.0	0.0	9.115378302970623	0.0	2.368838557907982	20.612724984955413
230929-COI-COL-077-B3_S148_L001_R2_001										6.509108813392417	16.245965315389242	6.667760818425515	2.721155424257345	12.517096121232015	17.716505279282234	7.463209147108704
230929-COI-COL-077-S1_S143_L001_R1_001										25.373082206132285	0.0	0.0	6.8807766628640605	0.0	3.422345354224385	27.10287989197495
230929-COI-COL-077-S1_S143_L001_R2_001										8.03669126719903	0.0	7.083323632807953	3.7971736549251505	12.882685726258932	31.994272809815378	7.4057690964542635
230929-COI-COL-077-S2_S144_L001_R1_001										13.13038921442523	0.0	0.0	18.785193654423324	0.0	2.19046257920061	26.533276165975895
230929-COI-COL-077-S2_S144_L001_R2_001										14.327092563479587	6.807679481682626	6.671430613119908	3.7015863941689293	0.0	33.44480968033919	8.531275308465533
230929-COI-COL-077-S3_S145_L001_R1_001										14.723185857529819	5.630375896972866	0.0	13.096991873782255	0.0	0.0	27.17293161621442
230929-COI-COL-077-S3_S145_L001_R2_001										11.852872689255333	14.030318870883429	5.059164567789764	3.2067670959463954	0.0	27.927576866416388	7.880055125219789
230929-COI-COL-078-B1_S152_L001_R1_001										42.55196191744863	0.0	8.016141986796482	8.79483613140831	0.0	0.0	16.980429799988244
230929-COI-COL-078-B1_S152_L001_R2_001										6.249142946696182	0.0	1.5838345054557563	2.965894175955492	47.504260779281836	13.934217485846375	5.816208592081807
230929-COI-COL-078-B2_S153_L001_R1_001										29.782765015327556	0.0	0.0	14.950989668092193	0.0	1.4305718502819513	20.55406274836317
230929-COI-COL-078-B2_S153_L001_R2_001										10.902433485978126	12.68307913560156	3.7164591454414713	2.6170381864284904	22.593952238580027	17.349468266283164	6.8917231200090825
230929-COI-COL-078-B3_S154_L001_R1_001										21.86883991879726	0.0	0.0	16.72011533143076	0.0	1.5048986436788374	23.51201859425108
230929-COI-COL-078-B3_S154_L001_R2_001										8.649857306775722	17.121715849245344	2.311041807643649	3.177498602489041	0.0	29.76992556415311	7.777516255259053
230929-COI-COL-078-S1_S149_L001_R1_001										11.491151217802699	4.481338706851235	0.0	19.216751357981426	0.0	0.0	22.811459611004032
230929-COI-COL-078-S1_S149_L001_R2_001										14.405116523567548	9.603995093744524	8.373050639565447	3.621867881548975	0.0	24.481338706851236	8.5876993166287
230929-COI-COL-078-S2_S150_L001_R1_001										1.390575992167812	0.0	0.0	10.027738999583008	0.0	4.619540584150697	29.339884330184745
230929-COI-COL-078-S2_S150_L001_R2_001										16.60351360661385	0.0	5.292165998875936	4.682995811954965	0.0	26.092789673114925	8.107765106876734
230929-COI-COL-078-S3_S151_L001_R1_001										60.427383401920444	0.0	0.626929012345679	6.207133058984911	0.0	0.0	9.287122770919067
230929-COI-COL-078-S3_S151_L001_R2_001										7.530649862825789	0.0	1.1959876543209875	2.0683299039780523	57.139489026063096	3.9984139231824414	6.509344993141289
230929-COI-COL-079-B1_S158_L001_R1_001										19.94341960674289	0.0	1.7488485188562344	29.124874330738116	0.0	0.0	13.506815365551425
230929-COI-COL-079-B1_S158_L001_R2_001										5.295644244932314	27.86467466273877	4.718150148465082	2.1673563863365364	0.0	23.597764840663064	7.074887189918402
230929-COI-COL-079-B2_S159_L001_R1_001										38.964157752122155	0.0	0.9515981969718373	11.163620953139247	0.0	0.0	13.785973879207386
230929-COI-COL-079-B2_S159_L001_R2_001										6.90005008411563	18.816216979799407	3.728056094209506	2.90231029035945	15.420770781697465	19.05251126892602	7.61150136768162
230929-COI-COL-079-B3_S160_L001_R1_001										55.002598602529304	0.0	0.0	8.655078824276723	0.0	0.0	13.46538083963735
230929-COI-COL-079-B3_S160_L001_R2_001										4.425708841023272	18.159034474793557	2.5858982502742967	3.3181266963099842	34.629554772766646	7.2818617543454405	6.480337240861581
230929-COI-COL-079-S1_S155_L001_R1_001										16.421348211499993	0.0	0.0	15.520215831299208	0.0	2.2776075027070677	31.296456035384583
230929-COI-COL-079-S1_S155_L001_R2_001										18.712720465432124	0.0	5.8243250683649315	6.104208343274543	0.0	27.745150219318372	10.638317396810248
230929-COI-COL-079-S2_S156_L001_R1_001										17.73726524207768	0.0	0.0	14.196282696258432	0.0	3.401057927174493	26.09553697083421
230929-COI-COL-079-S2_S156_L001_R2_001										11.189116614633042	9.40568433653084	9.810090748798913	3.411572493893463	12.308513563791069	16.310519419595916	7.699898089584109
230929-COI-COL-079-S3_S157_L001_R1_001										17.968442290224825	5.035890263409615	3.5616966890930573	10.943114133449082	0.0	0.0	22.45854332955541
230929-COI-COL-079-S3_S157_L001_R2_001										13.39635229528885	0.0	7.854863472312651	3.87839912545114	19.38315368106296	15.087575457972621	7.450545387317434
230929-COI-COL-080-B1_S164_L001_R1_001										30.63877020027212	0.0	10.056572697109303	14.655192991669253	0.0	0.0	16.84171579977562
230929-COI-COL-080-B1_S164_L001_R2_001										5.897166591077268	6.325639128255317	3.290525863509417	2.149523786790156	39.61282314467811	14.476165469171463	4.8731291623898985
230929-COI-COL-080-B2_S165_L001_R1_001										33.349586700102165	0.0	1.0169963778211202	8.920776446549644	0.0	0.0	20.51987554564874
230929-COI-COL-080-B2_S165_L001_R2_001										6.077598216773474	23.357249001578896	3.1543141079223553	2.5773195876288657	12.773985325531717	18.201448871551964	6.1043001764651255
230929-COI-COL-080-B3_S166_L001_R1_001										40.721068904593636	0.0	0.9286660777385158	14.215989399293285	0.0	0.0	16.418948763250885
230929-COI-COL-080-B3_S166_L001_R2_001										5.998233215547703	8.574425795053003	2.0682420494699647	2.5242932862190814	32.12345406360424	19.73166961130742	6.191475265017668
230929-COI-COL-080-S1_S161_L001_R1_001										15.36298894037205	0.0	0.0	16.668789122576726	0.0	1.0001665311560202	28.739359148927836
230929-COI-COL-080-S1_S161_L001_R2_001										11.855059118560387	20.21100477062782	5.457323942282261	3.6538894820881045	0.0	24.82587698245545	8.054230381160428
230929-COI-COL-080-S2_S162_L001_R1_001										26.03145349551542	0.0	1.0124093869025679	5.671458410124094	0.0	0.0	25.12839415161568
230929-COI-COL-080-S2_S162_L001_R2_001										12.854158987590614	7.169185403612237	8.346234181103329	3.867797026661752	19.722324609902937	10.291190563951345	7.889175574394888
230929-COI-COL-080-S3_S163_L001_R1_001										34.36892345766307	0.0	13.890975782216723	3.3288403747569384	0.0	0.0	15.958105002651582
230929-COI-COL-080-S3_S163_L001_R2_001										8.904896588297683	17.934638500972248	3.7077956514053385	3.005126392080608	30.21588297684285	6.414619056036769	6.6311649284072836
230929-COI-COL-081-B1_S178_L001_R1_001										20.752794831237768	0.0	0.0	11.781185491005603	0.0	2.246588563309295	22.84925337122329
230929-COI-COL-081-B1_S178_L001_R2_001										9.282592959974263	27.941610144500146	7.9233800702394035	3.1044744108737032	0.0	11.860271842577946	7.833570145572505
230929-COI-COL-081-B2_S179_L001_R1_001										19.785781432491714	0.0	0.0	13.62319941507696	0.0	3.1316171792656182	17.132737648723328
230929-COI-COL-081-B2_S179_L001_R2_001										11.886471755623711	5.620388745928802	4.619562637091337	3.1221216753867043	14.829128407698954	18.660564222840485	9.017880033803994
230929-COI-COL-081-S1_S175_L001_R1_001										3.4687225125472136	0.0	0.0	10.808713199151446	0.0	2.25177213225022	27.39069695244994
230929-COI-COL-081-S1_S175_L001_R2_001										17.52056708232007	11.753505458684742	8.761835773787965	4.659802349045377	0.0	13.138096962798157	10.326486262741243
230929-COI-COL-081-S2_S176_L001_R1_001										1.6990116153235697	0.0	0.0	12.984272419017387	0.0	2.257232522905995	29.18710771228627
230929-COI-COL-081-S2_S176_L001_R2_001										18.200346295361086	0.0	6.48582353365558	4.9004400836880455	0.0	28.630690426376166	10.294170694755069
230929-COI-COL-081-S3_S177_L001_R1_001										19.292348325275302	0.0	0.0	9.123948181212961	0.0	2.1522040446593254	25.605989500911303
230929-COI-COL-081-S3_S177_L001_R2_001										16.83128335534286	7.081973654053936	4.631822497735383	4.4015410304822815	16.770165999105068	14.56994117454462	8.83036659499929
230929-COI-COL-082-B1_S183_L001_R1_001										40.566505795859456	0.0	0.0	14.484386510907644	0.0	0.0	16.02694210154406
230929-COI-COL-082-B1_S183_L001_R2_001										6.221340189135958	0.0	0.0	2.3408957647377204	41.08670485469006	20.523807376001685	5.362861395516666
230929-COI-COL-082-B2_S184_L001_R1_001										25.86559395272249	0.0	0.0	14.660669488434802	0.0	1.152651762131577	23.8653066186303
230929-COI-COL-082-B2_S184_L001_R2_001										5.638378993667598	41.84247460961243	2.547327240377071	2.339562589101197	0.0	13.491440759446109	7.317073170731707
230929-COI-COL-082-B3_S185_L001_R1_001										27.911403547379077	0.0	1.0243827296333787	14.744069363144227	0.0	0.0	22.725672285550814
230929-COI-COL-082-B3_S185_L001_R2_001										7.18828396637472	35.20751727476784	5.976849610492496	2.442674178073148	0.0	18.37067030500418	6.21121429514546
230929-COI-COL-082-S1_S180_L001_R1_001										18.568357275481286	0.0	4.4151275285839935	5.392358057265708	0.0	1.4267565718753052	25.195934721000686
230929-COI-COL-082-S1_S180_L001_R2_001										15.907358545880973	0.0	8.736440926414542	3.992963940193492	22.241766832795857	13.664614482556436	7.271572363920649
230929-COI-COL-082-S2_S181_L001_R1_001										14.403409877203826	0.0	0.0	8.019115978263878	0.0	1.4253950973789338	28.098273841924144
230929-COI-COL-082-S2_S181_L001_R2_001										14.135859988375419	0.0	6.780083217241284	5.099131846740043	13.303687575536715	21.662315136865608	9.30520061628733
230929-COI-COL-082-S3_S182_L001_R1_001										39.34754191531685	0.0	0.8638817845978971	7.420289855072464	0.0	0.0	15.316851378232451
230929-COI-COL-082-S3_S182_L001_R2_001										10.437055981813014	5.772094344984371	3.170218812162546	5.281045751633987	35.4668940039784	6.639386189258312	8.48877522023302
230929-COI-COL-083-B1_S189_L001_R1_001										27.937175232872036	0.0	1.5994280897557647	8.324708443145079	0.0	0.0	21.150009069472155
230929-COI-COL-083-B1_S189_L001_R2_001										12.811429668910918	9.039596248439517	2.725109633913424	3.668334738212354	20.335890568815955	12.212844506567365	9.783292965290597
230929-COI-COL-083-B2_S190_L001_R1_001										10.682144129055855	0.0	0.0	12.61586439894892	0.0	1.7075260123396188	27.883495519428642
230929-COI-COL-083-B2_S190_L001_R2_001										15.691143772920215	9.39524318289009	7.095761985889329	5.1909175786626625	0.0	22.279653104636502	11.025766894785981
230929-COI-COL-083-B3_S191_L001_R1_001										15.365316774485018	5.590533772937433	0.0	6.362404237117068	0.0	0.0	21.79308488652639
230929-COI-COL-083-B3_S191_L001_R2_001										15.482587255966857	6.054809531590938	6.512356656061058	5.439620120538676	11.51846048849884	8.824123114780887	11.925062239866197
230929-COI-COL-083-S1_S186_L001_R1_001										9.243289791264903	0.0	0.0	12.947397785297579	0.0	1.4784897330470959	27.94333466749142
230929-COI-COL-083-S1_S186_L001_R2_001										16.964426493953837	8.713265169983869	8.365171196739803	4.037647515433783	0.0	19.24098533638977	10.452522165217285
230929-COI-COL-083-S2_S187_L001_R1_001										5.107086919029266	0.0	0.0	11.442549671787832	0.0	1.908558154268518	35.88775671823029
230929-COI-COL-083-S2_S187_L001_R2_001										16.634989352902874	10.813403023423614	11.368635939672316	3.742322651039192	0.0	19.749045280960175	8.836210689333544
230929-COI-COL-083-S3_S188_L001_R1_001										21.0496555978205	0.0	2.7543607141633255	9.016997361296735	0.0	1.1745656420273465	25.257873273705496
230929-COI-COL-083-S3_S188_L001_R2_001										15.168260169288237	5.967067612487577	6.22751105171173	4.745382269284808	19.243685960042495	10.571090778246118	8.89020252904287
230929-COI-COL-084-B1_S195_L001_R1_001										34.05033617558412	0.0	0.0	8.051040298135792	0.0	1.396223498802133	22.22193599354268
230929-COI-COL-084-B1_S195_L001_R2_001										9.96848622238251	0.0	6.678860008415123	2.767545102484179	29.27775917291361	12.184754888070275	9.948736443494164
230929-COI-COL-084-B2_S196_L001_R1_001										25.153732522587518	0.0	0.0	13.521591260434917	0.0	1.8413549074169502	20.43096636779003
230929-COI-COL-084-B2_S196_L001_R2_001										8.660551719399498	13.582568964924938	6.123535676251332	3.0986979971830015	9.50908653680992	17.58304991583359	8.722388264797829
230929-COI-COL-084-B3_S197_L001_R1_001										20.94852445994716	4.842775983837268	0.0	11.008271312876655	0.0	0.0	21.01586917856711
230929-COI-COL-084-B3_S197_L001_R2_001										8.494931878226934	7.799036452487437	4.00442057640172	3.5960352955397075	16.561620417537256	16.500319455716532	8.12108235050336
230929-COI-COL-084-S1_S192_L001_R1_001										24.96893417595683	0.0	0.0	13.977845629482355	0.0	2.713377831427963	19.62383725058581
230929-COI-COL-084-S1_S192_L001_R2_001										10.383973585173614	15.166335297876874	5.8705531491869625	2.645033018532983	9.410281900163318	15.098878079954556	10.008520911737556
230929-COI-COL-084-S2_S193_L001_R1_001										26.731201683186473	0.0	15.301168772258308	8.041461978709236	0.0	1.8269908216150483	18.616389835252335
230929-COI-COL-084-S2_S193_L001_R2_001										6.5570922567631476	5.5195776591740415	3.1955449605744453	3.5487824886838526	29.797419242759116	14.723055987183075	8.563597232007567
230929-COI-COL-084-S3_S194_L001_R1_001										26.710435383552177	0.0	2.087874116208601	21.541916963478815	0.0	1.8273882302907873	18.52639413109351
230929-COI-COL-084-S3_S194_L001_R2_001										5.317367497740683	0.0	4.663494763702089	2.160969645420233	24.56940088246239	27.78294614853011	6.678273350699058
230929-COI-COL-085-B1_S201_L001_R1_001										36.36410930042009	0.0	0.0	8.361404102017193	0.0	1.7557778095696395	22.118898672111744
230929-COI-COL-085-B1_S201_L001_R2_001										7.908803599994798	16.759224336381017	0.773842812365878	4.055196452028249	21.672801050865534	19.96384398288442	6.3481122137106745
230929-COI-COL-085-B2_S202_L001_R1_001										12.389098104295654	0.0	0.0	10.3816940065105	0.0	1.8223016531563159	32.48547903236101
230929-COI-COL-085-B2_S202_L001_R2_001										10.673709070019786	20.421905916895387	1.5063509287036445	3.553647794727772	0.0	25.137231122742072	8.374289908725347
230929-COI-COL-085-B3_S203_L001_R1_001										27.323805434582592	0.0	0.0	15.60448997117095	0.0	2.038888548119978	17.22750414034227
230929-COI-COL-085-B3_S203_L001_R2_001										12.1805802613016	6.246703060786358	2.5492240691897194	2.9577378396614122	28.41317548917377	13.22946696926946	8.140832975525978
230929-COI-COL-085-S1_S198_L001_R1_001										27.054916621675307	0.0	10.417961229333686	6.175191255717298	0.0	1.8641702405085212	20.420304175537606
230929-COI-COL-085-S1_S198_L001_R2_001										5.9368219462752245	10.095042122098057	5.2013405726975455	3.5123819613515748	25.733698697118175	12.811841046380149	9.045809691647905
230929-COI-COL-085-S2_S199_L001_R1_001										23.9842188860993	0.0	0.0	11.13772608495158	0.0	4.852180150637905	23.01327048214377
230929-COI-COL-085-S2_S199_L001_R2_001										17.137623610185994	0.0	2.853922221652918	4.0464723061946	22.842906184352103	13.944253727519598	9.272685351232258
230929-COI-COL-085-S3_S200_L001_R1_001										30.28680424690904	0.0	0.0	11.960518453830952	0.0	5.224755251183527	14.552787608585744
230929-COI-COL-085-S3_S200_L001_R2_001										14.669991267178379	14.21726340947741	4.470974858666176	2.8439123040860412	18.97320402629039	8.173231603621822	8.147952383141059
230929-COI-COL-FN-3-17_S139_L001_R1_001										32.87686388277668	9.509643634217998	1.284588624322364	5.170315553971162	0.0	0.0	13.568697832794502
230929-COI-COL-FN-3-17_S139_L001_R2_001										8.452470220900073	11.474019348732007	1.7873606313537966	3.3743500227415213	18.595188631697994	9.883342143111777	8.698324503067033
230929-COI-COL-FN-3-19_S140_L001_R1_001										17.643367066760806	0.0	9.550613216181585	2.69279046050051	20.393687403572084	0.0	16.66928166104443
230929-COI-COL-FN-3-19_S140_L001_R2_001										9.750006537485945	3.584503543317382	3.933605292748621	4.776287230982454	16.26788002405795	3.8205067859104105	10.008890980884392
230929-COI-COL-FN-3-20_S141_L001_R1_001										23.868982193888765	0.0	0.9892284018465597	4.573689664918507	16.261030681782497	0.0	18.13459787080363
230929-COI-COL-FN-3-20_S141_L001_R2_001										7.029488427597902	3.6899789592689127	5.733756241560155	3.7967528185158432	17.080677071883933	7.716609615928148	11.519015168168828
230929-COI-COL-FN-3-22_S167_L001_R1_001										12.863843201057529	0.0	0.0	2.9520553168772405	22.237969341841016	0.0	21.88842565523553
230929-COI-COL-FN-3-22_S167_L001_R2_001										11.902915829880266	8.37887993492132	4.031827541500369	4.1494013269949415	0.0	6.114472379693418	12.37575310776114
230929-COI-COL-FN-3-23_S168_L001_R1_001										19.393939393939394	0.0	0.0	5.299356317785028	16.567028186814802	0.0	23.07556652852482
230929-COI-COL-FN-3-23_S168_L001_R2_001										9.197307703612262	8.978044264174235	2.61999235811069	4.251241807012903	7.78003115539488	10.275989771625078	12.381036357757987
230929-COI-COL-FN-3-24_S169_L001_R1_001										24.19607037232284	0.0	0.0	12.788713265844049	10.60409760630456	0.0	16.69064233954914
230929-COI-COL-FN-3-24_S169_L001_R2_001										5.895335019076296	22.45909988473807	4.68463799712292	3.587415898998383	9.833897729608019	9.420205684468232	7.901250011168792
230929-COI-COL-FN-3-25_S204_L001_R1_001										20.757183132841412	0.0	0.0	5.769303838350064	16.744811654115342	0.0	21.913019689497162
230929-COI-COL-FN-3-25_S204_L001_R2_001										5.156049333931136	6.436512580456408	4.073924904820165	6.138624394914624	8.61443997781037	9.419953948918256	13.799366227686882
230929-COI-COL-FN-3-26_S205_L001_R1_001										42.75619147632799	6.777806948455413	0.0	5.3568303141681985	0.0	0.0	16.84059683206441
230929-COI-COL-FN-3-26_S205_L001_R2_001										5.741883258948105	0.0	2.5411306554651265	3.175592894022928	40.57604795659403	9.940273037542662	6.979084624135819
230929-COI-COL-FN-3-27_S206_L001_R1_001										13.609042867514223	0.0	14.214320687501056	6.311097604214151	12.89908659609313	0.0	19.48032213949248
230929-COI-COL-FN-3-27_S206_L001_R2_001										6.062908372587753	6.102584882405578	2.4835806783839	3.9777811545020176	22.45606037582941	11.977240878623647	9.771395768964528
230929-COI-COL-FN-3-28_S171_L001_R1_001										34.929601863168735	0.0	8.172535584020633	7.5219663359285525	0.0	3.341385250555775	17.879105755998037
230929-COI-COL-FN-3-28_S171_L001_R2_001										5.982157464704693	18.367995072611613	5.873408463174509	1.9363096555640031	23.12023020142625	13.049880183622209	6.07550837752264
230929-COI-EN-8-22-23_S170_L001_R1_001										10.849239083209836	0.0	0.632063849161712	3.1978145588944242	22.601341498979295	0.0	24.59692538432696
230929-COI-EN-8-22-23_S170_L001_R2_001										12.3175079305563	4.7386933776135125	2.9174924563001055	6.327780456014427	0.0	7.2169550234792075	13.025157569589515
230929-COI-EN-8-23-23_S142_L001_R1_001										6.899877366922326	0.0	0.21034690611294715	6.379829976512648	25.78952838228264	0.0	29.385795348257155
230929-COI-EN-8-23-23_S142_L001_R2_001										12.013221440857661	0.0	2.1787281544438155	6.584531009598127	4.544127695861757	5.9627407062238795	16.292338438665023
230929-COI-EN-9-1-23_S172_L001_R1_001										9.114379802414929	0.0	1.1964873765093305	5.794511525795828	24.338529088913283	0.0	26.720087815587267
230929-COI-EN-9-1-23_S172_L001_R2_001										11.570059676266359	0.0	3.125305436976935	5.732649161481214	5.37700010369834	7.323403101349492	14.073541286550862
230929-COI-NEG-PCR_S173_L001_R1_001										8.330284288529272	0.0	0.23716425608449748	5.650504525076373	25.69088416421641	0.0	24.525781694269703
230929-COI-NEG-PCR_S173_L001_R2_001										11.381567699079135	4.489916673204256	2.047828730598842	6.038195790472417	0.0	6.1444138605306575	14.79399713758778
230929-COI-POS-PCR_S174_L001_R1_001										19.78557933125357	0.0	0.0	10.422250538248605	0.0	8.976668570675338	6.1206555648314955
230929-COI-POS-PCR_S174_L001_R2_001										2.9658596599147593	27.263939540401598	2.2101146799068503	2.539654642119601	0.0	0.0	7.443209279845337
230929-MiFishU-COL-071-B1_S4_L001_R1_001										8.802890657729368	35.714285714285715	1.3903435274403015	2.0606409719312944	0.0	37.41097612065354	4.105571847507331
230929-MiFishU-COL-071-B1_S4_L001_R2_001										9.711457896941768	32.16904063678257	2.4769585253456223	4.226015919564307	0.0	24.389924591537497	6.634897360703812
230929-MiFishU-COL-071-B2_S5_L001_R1_001										8.412177203918077	46.641251113089936	4.64993321460374	2.4905387355298307	0.0	23.263579697239535	4.10173642030276
230929-MiFishU-COL-071-B2_S5_L001_R2_001										8.787845057880677	39.00545414069457	9.032724844167408	5.668410507569011	0.0	11.462043633125557	5.9439002671415855
230929-MiFishU-COL-071-B3_S6_L001_R1_001										9.022328974290543	23.89289209145094	1.9766924650831776	2.3289742905435458	22.41793434747798	26.556356196067966	4.197135486166711
230929-MiFishU-COL-071-B3_S6_L001_R2_001										13.771016813450759	12.733742549595231	3.6704919491148473	3.2256916644426656	20.32203540610266	20.072947246686237	6.309047237790232
230929-MiFishU-COL-071-S1_S1_L001_R1_001										5.738953783646521	9.013317532870605	3.026070763500931	1.9129845945488402	58.95829806444331	9.759607245640765	3.5663901585689293
230929-MiFishU-COL-071-S1_S1_L001_R2_001										9.034478866881102	0.0	3.4916201117318435	2.542181592460922	52.932960893854755	12.322950172112183	5.132328875345635
230929-MiFishU-COL-071-S2_S2_L001_R1_001										4.8922832051156755	0.0	2.8622090669198443	1.8206442064699888	55.403990338299145	21.180347095206848	4.141127849992321
230929-MiFishU-COL-071-S2_S2_L001_R2_001										8.163578738673332	0.0	5.17710791226282	3.214051352219259	37.08585231001214	23.55249012188822	5.9882998478142495
230929-MiFishU-COL-071-S3_S3_L001_R1_001										4.599184851657231	0.0	1.8711821683759031	1.2420340085580412	73.05131775539452	9.039812170307053	3.4415115818146704
230929-MiFishU-COL-071-S3_S3_L001_R2_001										6.7376787583725495	18.440444367650198	3.78810208665779	2.65990425564353	40.332564261538614	7.20013822964416	6.028235437608627
230929-MiFishU-COL-072-B1_S10_L001_R1_001										7.3148617296461245	0.0	5.277474065975093	1.4907064188378358	62.217659137576995	11.349635990293075	3.9281047494599854
230929-MiFishU-COL-072-B1_S10_L001_R2_001										13.304354782794208	24.312648337288994	5.97349262647004	2.2693938505026803	29.830128803434757	2.888077015387077	5.149470652550734
230929-MiFishU-COL-072-B2_S11_L001_R1_001										6.78707307473652	11.338027142461481	6.599029168671011	1.769653503593242	40.05189428725529	21.859739653940906	3.669042725324704
230929-MiFishU-COL-072-B2_S11_L001_R2_001										11.725776592177956	0.0	6.511566886780076	3.1034533024299935	33.42808413871518	23.543388580341396	5.8089532222562354
230929-MiFishU-COL-072-S1_S7_L001_R1_001										3.154462323669101	23.043524491387256	2.2187566456369177	1.7952080527397745	27.730913730771956	29.760048203019778	3.4539590274331893
230929-MiFishU-COL-072-S1_S7_L001_R2_001										8.2884383639328	10.920110583398312	7.313744949315942	2.48989863188488	20.527043311831005	27.826610902388886	5.803856241582193
230929-MiFishU-COL-072-S2_S8_L001_R1_001										3.668300369610808	6.953086076448028	3.9996755767203123	1.050899695273848	66.04562781697892	8.323774433128252	3.2836270522669073
230929-MiFishU-COL-072-S2_S8_L001_R2_001										6.4328501743775135	7.243908373596579	5.100397418517617	1.9164146592976237	45.20490806075985	14.31517721621653	5.067955090548855
230929-MiFishU-COL-072-S3_S9_L001_R1_001										5.800745495048413	0.0	5.061867266591676	1.9674011336818193	51.798672224795425	22.788327929597035	3.9877368270142703
230929-MiFishU-COL-072-S3_S9_L001_R2_001										8.401155737885706	41.591124638831914	7.179249652616952	2.1923730121970046	0.0	18.6947219832815	6.391848077813803
230929-MiFishU-COL-073-B1_S15_L001_R1_001										7.375913092339389	9.859524255478554	5.300618093275895	1.8898670162951863	35.71080726727852	24.753699194605733	4.918524068177561
230929-MiFishU-COL-073-B1_S15_L001_R2_001										13.184116875819441	0.0	5.8887432103390145	2.689642255103952	33.356433789099086	21.936692264469002	6.400074920397078
230929-MiFishU-COL-073-B2_S16_L001_R1_001										7.1303399665096	0.0	2.731804197982788	2.7668522917559097	34.27314147747186	38.72424938665836	4.18630008956735
230929-MiFishU-COL-073-B2_S16_L001_R2_001										11.82289029946649	0.0	4.638031075976478	2.6558666614743562	31.732154678920523	25.441021846645118	5.936757661902722
230929-MiFishU-COL-073-B3_S17_L001_R1_001										9.179287760949652	42.54332105334971	5.270159639787146	2.0910083231000134	0.0	24.75098922090326	4.830126893164143
230929-MiFishU-COL-073-B3_S17_L001_R2_001										15.95715650156911	36.87065083913221	3.8170282439623415	2.38436348751535	0.0	15.196479738027016	6.678946650293355
230929-MiFishU-COL-073-S1_S12_L001_R1_001										5.031492602900249	53.36165226307309	3.5862506713539375	1.4061813388018163	0.0	22.159562521361263	4.611591230896929
230929-MiFishU-COL-073-S1_S12_L001_R2_001										7.257946389336459	32.796250183096525	3.950002441287047	2.763536936673014	0.0	30.110834431912505	6.42302621942288
230929-MiFishU-COL-073-S2_S13_L001_R1_001										8.664131209888282	33.04215196894065	2.7790983281831867	2.943506853656604	23.029078519927108	16.228904207273594	3.7100863639965134
230929-MiFishU-COL-073-S2_S13_L001_R2_001										7.972823072656683	42.462958561128275	4.858965216702322	3.2247840900087157	0.0	19.08327390856509	5.366056572379367
230929-MiFishU-COL-073-S3_S14_L001_R1_001										5.812304316412	59.50921887125692	2.1515159624287508	2.0096871738606867	0.0	16.66354464930825	3.9176857823329496
230929-MiFishU-COL-073-S3_S14_L001_R2_001										7.201156038427574	36.18774920388557	4.174583210682652	3.722336696192031	0.0	26.361422569509486	5.092456314057106
230929-MiFishU-COL-074-B1_S21_L001_R1_001										7.655336652955184	11.296817492963845	3.106733059103702	2.0502273219311538	41.17990907122754	22.825286858627408	3.201991773111063
230929-MiFishU-COL-074-B1_S21_L001_R2_001										10.086598830915783	0.0	2.7906473262610954	2.953020134228188	35.68521324962113	26.449447932452912	5.680883308075341
230929-MiFishU-COL-074-B2_S22_L001_R1_001										4.935765850958322	14.1453513850128	6.423414904167723	2.428673570588371	42.41298982863205	17.6119196438868	3.4619553935927296
230929-MiFishU-COL-074-B2_S22_L001_R2_001										9.285697811195424	0.0	7.765758701017137	3.395068847014323	35.88347902299513	20.76711949627511	5.796065225915077
230929-MiFishU-COL-074-B3_S23_L001_R1_001										6.639678421757847	0.0	0.0	2.9107392308350204	34.20474955098783	43.12512472560367	3.2842033241155173
230929-MiFishU-COL-074-B3_S23_L001_R2_001										9.148444849901646	0.0	2.0098640134561108	2.99056361718505	28.927787439062634	32.49992872822647	6.628274937993557
230929-MiFishU-COL-074-S1_S18_L001_R1_001										7.848615697231394	29.64185928371857	7.929895859791719	3.8862077724155446	0.0	33.22834645669291	5.598171196342393
230929-MiFishU-COL-074-S1_S18_L001_R2_001										11.028702057404114	26.664973329946662	4.201168402336805	4.780289560579122	0.0	25.496570993141987	7.14249428498857
230929-MiFishU-COL-074-S2_S19_L001_R1_001										12.100595310411858	26.06406673956182	3.729801968169117	4.726035718624712	0.0	36.72700765399101	5.847811120560483
230929-MiFishU-COL-074-S2_S19_L001_R2_001										13.78528327866197	21.953590086259265	0.0	5.013566597821245	0.0	33.033653262058074	6.236585267079739
230929-MiFishU-COL-074-S3_S20_L001_R1_001										9.13934950338889	25.580800545632805	9.24165565454623	3.4826718956477256	0.0	36.82168890404536	4.411952768660216
230929-MiFishU-COL-074-S3_S20_L001_R2_001										15.878767210878554	22.810008951788227	3.337738181508163	3.9259985506628583	0.0	27.486252610938234	7.0505989172599
230929-MiFishU-COL-075-B1_S27_L001_R1_001										9.176013679969858	12.091702170825727	2.3635625887603977	1.7099962322116917	44.00052169376576	17.820189548734895	3.9445845288815464
230929-MiFishU-COL-075-B1_S27_L001_R2_001										8.82676868678086	12.048227690345767	1.8346230762542388	2.2374865953685186	39.22557458771701	16.136278004811174	5.2169376575949915
230929-MiFishU-COL-075-B2_S28_L001_R1_001										6.6018131579548305	47.02564453883218	2.1990820031513323	2.3543650521796717	0.0	26.238268137288483	4.562581352332671
230929-MiFishU-COL-075-B2_S28_L001_R2_001										7.316571898335273	20.543033956749106	5.919024457080222	2.904706446530109	0.0	39.54008814596607	6.0240688725993925
230929-MiFishU-COL-075-B3_S29_L001_R1_001										6.473861404657252	56.14654446834378	2.7845319367810717	1.8773964275694381	0.0	17.97671373795941	4.58477508650519
230929-MiFishU-COL-075-B3_S29_L001_R2_001										9.050313289067615	27.181333582717667	3.5116431310202936	2.380061722622276	0.0	34.39165809408024	6.16291031515945
230929-MiFishU-COL-075-S1_S24_L001_R1_001										8.936057437478919	26.658796318604537	0.0	1.341974654266853	36.05261889847251	12.940297788271577	4.103021249939768
230929-MiFishU-COL-075-S1_S24_L001_R2_001										6.85202139449718	13.06558087987279	0.0	3.103165807353154	33.70356093094974	21.912494579096997	5.4281308726449184
230929-MiFishU-COL-075-S2_S25_L001_R1_001										6.0845979033795174	31.790191334946115	9.130562275493	1.5944578843193316	0.0	34.64555384502602	4.875009163551059
230929-MiFishU-COL-075-S2_S25_L001_R2_001										5.193900740414926	0.0	7.814676343376585	2.646433545927718	40.37094054688073	22.703614104537788	4.911663367788285
230929-MiFishU-COL-075-S3_S26_L001_R1_001										3.330305782621859	24.90509792962109	4.145415589557279	1.9842101585970797	43.85756538345094	8.991825613079019	3.9171848436153613
230929-MiFishU-COL-075-S3_S26_L001_R2_001										5.819884021518899	11.679359090803231	2.075036679941312	3.2185192948135724	40.32930436200191	16.553715736277045	5.2004005682479795
230929-MiFishU-COL-076-B1_S33_L001_R1_001										5.468957363125257	15.144897811451873	4.204570132471105	1.7843785440243225	37.00504307120623	25.418044060516852	2.71215886880776
230929-MiFishU-COL-076-B1_S33_L001_R2_001										7.914484955239727	24.142798542576553	6.039620683830804	3.157348647539995	18.845160823299473	19.750018097145478	4.9743020534227735
230929-MiFishU-COL-076-B2_S34_L001_R1_001										7.822843190450353	32.182582745523604	5.09631036353771	1.2764514378730332	33.286760716223554	8.446825827455235	3.251492132392838
230929-MiFishU-COL-076-B2_S34_L001_R2_001										12.204286489419424	37.10526315789473	2.6410743353228434	2.730602278893109	16.734943027672273	7.2151383613673366	5.212967986977754
230929-MiFishU-COL-076-B3_S35_L001_R1_001										7.063091258268725	16.071555587168362	4.235720890532755	2.6210968063162388	21.04168148516964	36.30770325058681	3.0816558787965005
230929-MiFishU-COL-076-B3_S35_L001_R2_001										9.111601109609504	31.326908030443136	2.537520449534106	2.8078099438082367	0.0	32.276477701116725	5.631623870830073
230929-MiFishU-COL-076-S1_S30_L001_R1_001										9.452544511425767	21.58278424225431	6.33323987102201	2.737277442871162	0.0	44.77078368148044	4.212813682882378
230929-MiFishU-COL-076-S1_S30_L001_R2_001										8.348520958923315	18.82447777933548	19.960044861909434	2.0468246179728022	0.0	23.422823496425067	7.097294266087201
230929-MiFishU-COL-076-S2_S31_L001_R1_001										10.015174506828528	0.0	12.087443095599394	3.5185887708649473	0.0	55.73311836115327	4.917488619119879
230929-MiFishU-COL-076-S2_S31_L001_R2_001										21.415022761760245	0.0	12.457321699544764	3.414264036418816	0.0	36.622723823975726	5.486532625189682
230929-MiFishU-COL-076-S3_S32_L001_R1_001										12.252893393717203	20.041693623750987	12.159442168068434	2.799942491553447	0.0	35.65883114082381	4.9205664581985475
230929-MiFishU-COL-076-S3_S32_L001_R2_001										15.613543239163253	21.75256990870534	16.188627704694127	2.562720149521961	0.0	17.85637265473366	6.063546833441161
230929-MiFishU-COL-077-B1_S43_L001_R1_001										5.2881084329304935	19.211123723041997	6.476597449422447	3.0296454563664286	46.31434866795753	8.04400080122855	3.4102290178273353
230929-MiFishU-COL-077-B1_S43_L001_R2_001										7.685117179675502	9.598050343860587	5.73045336182146	3.1865527141617145	41.299993323095414	12.180343192895773	5.2664084930226345
230929-MiFishU-COL-077-B2_S44_L001_R1_001										10.277998411437649	45.97617156473392	3.1739475774424144	2.6783161239078637	0.0	22.89753772835584	4.6163621922160445
230929-MiFishU-COL-077-B2_S44_L001_R2_001										10.163621922160445	25.09928514694202	3.517077045274027	2.3097696584590945	0.0	33.7251787132645	6.258935663224782
230929-MiFishU-COL-077-B3_S45_L001_R1_001										6.427004678067434	24.817050682299048	3.8996835995884855	1.9372246054700388	23.36704388842518	26.028301337422597	3.8511559291107793
230929-MiFishU-COL-077-B3_S45_L001_R2_001										7.325737135314557	29.881398373352486	4.590717627191024	2.6496108080827687	0.0	31.2479375740047	6.236776209794825
230929-MiFishU-COL-077-S1_S40_L001_R1_001										10.944656488549619	0.0	21.927480916030532	2.7290076335877864	0.0	45.534351145038165	5.458015267175573
230929-MiFishU-COL-077-S1_S40_L001_R2_001										14.82824427480916	0.0	13.64503816793893	1.3549618320610686	0.0	42.05152671755725	7.290076335877862
230929-MiFishU-COL-077-S2_S41_L001_R1_001										4.342035831846622	0.0	0.0	1.555393622634872	29.65298891876272	50.393245722039346	4.083222353443727
230929-MiFishU-COL-077-S2_S41_L001_R2_001										3.359549714802623	0.0	2.253938739100937	2.0604568183531424	27.65786365806468	41.236776641455386	6.791969243912859
230929-MiFishU-COL-077-S3_S42_L001_R1_001										5.4655787445159705	0.0	2.1936118742055846	2.0829062282176394	56.92320308335725	21.111976710812254	3.6737873631555207
230929-MiFishU-COL-077-S3_S42_L001_R2_001										5.8468981918077825	0.0	2.1567099922096027	2.47242609373078	47.61572840214851	17.405387674771415	6.777645659928656
230929-MiFishU-COL-078-B1_S49_L001_R1_001										7.071251159589432	16.306071759882695	10.048777568303557	2.7082024119460155	0.0	49.07083221115001	3.4653020917497086
230929-MiFishU-COL-078-B1_S49_L001_R2_001										13.361462728551334	0.0	15.752461322081576	2.4358859263249246	0.0	42.99308735074962	6.09270730466529
230929-MiFishU-COL-078-B2_S50_L001_R1_001										6.4871340044691195	53.491211499919366	1.2094266166002443	1.3637724895758945	0.0	24.241516736160705	3.999170678891474
230929-MiFishU-COL-078-B2_S50_L001_R2_001										6.6852496026169685	32.35734525098482	1.6240871708631852	2.423460572692299	0.0	34.449077380266765	5.708493630353153
230929-MiFishU-COL-078-B3_S51_L001_R1_001										10.257928926251433	47.89453572793275	5.559801299197555	1.765380206343141	0.0	20.087886893389378	4.239587313717998
230929-MiFishU-COL-078-B3_S51_L001_R2_001										8.349254871990828	46.48070309514711	9.935040122277417	2.3290026748184944	0.0	11.247611769201376	5.651509361864731
230929-MiFishU-COL-078-S1_S46_L001_R1_001										4.0601801445115315	11.86578244085915	5.311293675145996	1.282787290903692	61.06700979906958	6.174403642482431	3.337622488369791
230929-MiFishU-COL-078-S1_S46_L001_R2_001										7.261209541720282	10.252400277145403	1.219439770365238	2.357715530040582	47.114718400475105	11.624270018806296	5.378600415718104
230929-MiFishU-COL-078-S2_S47_L001_R1_001										6.056390280096457	0.0	7.934520497124837	1.5859766277128546	46.89296976442219	24.387868670005563	3.6681506214060473
230929-MiFishU-COL-078-S2_S47_L001_R2_001										5.012984603969579	39.811723242441104	7.489334075310702	3.0931181598961235	0.0	20.51103691337414	6.23724726395845
230929-MiFishU-COL-078-S3_S48_L001_R1_001										2.714414193442891	10.128975553920366	2.265759136620064	1.13747853814079	61.04365955359333	12.640013081514184	3.3245441909901072
230929-MiFishU-COL-078-S3_S48_L001_R2_001										9.621044885945548	33.93119941133186	1.3653830430872373	1.7680484016024856	20.486877606082903	14.004374131305699	4.736938925680648
230929-MiFishU-COL-079-B1_S55_L001_R1_001										4.67133477091561	8.482543066896033	5.52055823419669	1.8123228260606208	64.09759406876167	5.539941366026216	2.9910595304436316
230929-MiFishU-COL-079-B1_S55_L001_R2_001										7.738715382937998	7.492791897850895	1.1593535725534854	2.454389067913648	57.859859956872526	5.350955830688344	5.028711264022485
230929-MiFishU-COL-079-B2_S56_L001_R1_001										3.33338193907756	10.997535688767698	7.649572026422083	1.7600139984543375	51.38307645197509	13.616413187710524	3.9924758307936834
230929-MiFishU-COL-079-B2_S56_L001_R2_001										7.728313332069583	10.398226862450604	2.0910191166392043	2.691786115283104	42.63404249114161	14.132606191399699	5.969757505942052
230929-MiFishU-COL-079-B3_S57_L001_R1_001										4.5451564242146	0.0	0.9208368859447761	1.3163245228569553	70.68341313045188	14.078179313963401	3.104873089788155
230929-MiFishU-COL-079-B3_S57_L001_R2_001										5.8240965435823435	0.0	2.960582409654358	2.7100413196038566	61.07627730045255	10.825080343674164	5.142651013314095
230929-MiFishU-COL-079-S1_S52_L001_R1_001										3.425717852684145	5.052850603412401	1.025384935497295	1.307532251352476	74.66416978776529	6.4852267998335416	2.830628381190179
230929-MiFishU-COL-079-S1_S52_L001_R2_001										7.286724927174365	8.014148980441115	3.843528922180608	2.0266333749479815	54.91885143570537	8.883895131086142	3.735330836454432
230929-MiFishU-COL-079-S2_S53_L001_R1_001										5.251496540464899	0.0	4.907486589442588	0.7871414133561377	67.53284614786598	11.35815906087227	3.5664308481691673
230929-MiFishU-COL-079-S2_S53_L001_R2_001										8.04633444764052	0.0	9.620617274352796	1.714219077975589	58.79460468009018	3.6033584700303196	4.9560755655756825
230929-MiFishU-COL-079-S3_S54_L001_R1_001										3.602873030583874	0.0	10.001544640098857	1.706827309236948	67.27293790546803	5.047111523015137	2.9541241890639482
230929-MiFishU-COL-079-S3_S54_L001_R2_001										6.07429718875502	0.0	11.360827927092988	3.2012666048810625	59.48022860673463	0.0	4.514210688909484
230929-MiFishU-COL-080-B1_S61_L001_R1_001										6.660477009482352	23.544542701024337	2.15369629077183	1.901036513903898	47.713124609975495	5.876622882452322	3.7959848404133876
230929-MiFishU-COL-080-B1_S61_L001_R2_001										8.092723094016833	12.937398213117	6.904004505258672	1.936043591421744	39.12421424331441	9.873517906881174	5.54786076315429
230929-MiFishU-COL-080-B2_S62_L001_R1_001										3.860682985796313	0.0	2.104110003022061	1.96622846781505	63.402840737382895	16.89709882139619	3.4848141432456936
230929-MiFishU-COL-080-B2_S62_L001_R2_001										6.461544273194318	0.0	4.14777878513146	2.009670595346026	55.53981565427621	12.326231489876095	5.184723481414324
230929-MiFishU-COL-080-B3_S63_L001_R1_001										4.998073764674872	0.0	4.515501125326953	2.3216204708124657	46.53784545509844	28.694823496015736	3.621322411241104
230929-MiFishU-COL-080-B3_S63_L001_R2_001										4.454672641375535	0.0	3.4591131207039885	3.436809343255135	40.16099272085808	26.316429773515278	5.5637786654230625
230929-MiFishU-COL-080-S1_S58_L001_R1_001										3.9692250959620514	0.0	1.8756600010057158	1.4281164618917515	56.72069595534622	25.03897148795655	3.0121188756097155
230929-MiFishU-COL-080-S1_S58_L001_R2_001										5.486179788464439	15.85678606748353	3.4512814495717326	2.618213513468211	28.195242964179755	23.597445481821687	5.171055498751236
230929-MiFishU-COL-080-S2_S59_L001_R1_001										3.083218616228856	14.93522412264987	0.0	1.4294065511323992	62.68645458145543	8.150257406324842	3.1058477436874163
230929-MiFishU-COL-080-S2_S59_L001_R2_001										4.523939731090535	13.058892304210904	0.9504233532595373	1.9875916951102228	51.22668728431613	9.594750042429615	5.0990967206622795
230929-MiFishU-COL-080-S3_S60_L001_R1_001										12.264853790277519	41.67908362823617	0.0	0.5587632706276774	0.0	30.196498416837397	4.148817284410504
230929-MiFishU-COL-080-S3_S60_L001_R2_001										11.775935928478301	36.08213820078227	0.0	2.723970944309927	0.0	26.201341031849505	4.875209536226485
230929-MiFishU-COL-081-B1_S75_L001_R1_001										6.049873960959147	0.0	5.5623841169975625	2.8416074665111144	54.62177871294348	17.98920855815504	3.6499239599175017
230929-MiFishU-COL-081-B1_S75_L001_R2_001										5.751963500760401	0.0	5.214474698443782	4.693652215578842	49.96354242619945	13.843461594550114	4.597820878731693
230929-MiFishU-COL-081-B2_S76_L001_R1_001										7.357632385930972	0.0	2.961575665274033	2.4799851818312786	59.10391240815822	15.589948342217374	3.8115622877606046
230929-MiFishU-COL-081-B2_S76_L001_R2_001										5.8140731441272715	0.0	4.29521085019243	3.3361460412850645	54.061618884932805	11.169194673691576	5.756446932433266
230929-MiFishU-COL-081-S1_S72_L001_R1_001										5.892958498881507	22.673700377282895	4.8245467597075224	1.8196387432806918	37.935294314046274	13.926079262795902	3.595873259657441
230929-MiFishU-COL-081-S1_S72_L001_R2_001										13.428600046743014	48.392374211211646	2.704417214784147	3.3354478982337814	0.0	9.345263931087443	5.796133685018864
230929-MiFishU-COL-081-S2_S73_L001_R1_001										13.139901823281907	0.0	8.226683029453016	1.5120967741935485	45.77927769985975	16.733870967741936	3.970897615708275
230929-MiFishU-COL-081-S2_S73_L001_R2_001										21.024719495091166	34.76507713884993	2.498246844319776	1.9723001402524545	0.0	14.538043478260871	5.978260869565218
230929-MiFishU-COL-081-S3_S74_L001_R1_001										18.29252493846353	35.52273610571318	9.411840912035238	0.6995724834823164	0.0	20.475450187848168	3.8217385671719133
230929-MiFishU-COL-081-S3_S74_L001_R2_001										25.365980049229176	0.0	10.260396424407308	2.3578183702552145	0.0	34.43451224251846	5.149630781189273
230929-MiFishU-COL-082-B1_S80_L001_R1_001										7.9467460514347135	0.0	3.6109043799443206	1.0584635739684114	57.60081589900493	15.168554811323357	4.928471016290416
230929-MiFishU-COL-082-B1_S80_L001_R2_001										8.464952176190083	41.43995148708619	8.158990049339838	2.4008379503293917	0.0	15.617850547148487	5.584497918906255
230929-MiFishU-COL-082-B2_S81_L001_R1_001										3.8504325302605142	10.674614375612267	7.601241967888156	1.5757052484765968	49.98090557391203	13.900742192040113	4.197452969598353
230929-MiFishU-COL-082-B2_S81_L001_R2_001										10.850615172597008	0.0	3.000315473126671	1.6105733308981023	43.65317880684743	19.245521111793714	5.771497833197736
230929-MiFishU-COL-082-B3_S82_L001_R1_001										5.109943399777073	10.575990503901217	0.8960495650034018	1.4967936190848425	55.91696703869371	15.287850494347216	3.694214038592377
230929-MiFishU-COL-082-B3_S82_L001_R2_001										8.668085291179919	0.0	2.940026924914231	1.3708545041328295	48.99610602046873	18.96614119656635	5.377744966054341
230929-MiFishU-COL-082-S1_S77_L001_R1_001										4.663616512425913	9.16086097535614	3.5423382205122875	1.5476066687463172	58.42951717444803	12.94409205920072	3.0154933971092857
230929-MiFishU-COL-082-S1_S77_L001_R2_001										8.79172299053759	0.0	3.429690478666251	2.661952791930956	40.30709507469412	24.283387057640983	5.206058715469135
230929-MiFishU-COL-082-S2_S78_L001_R1_001										5.3477602636031705	11.44803633449105	7.440555703980764	1.7454804524000358	45.71867485973818	16.633270994745747	3.1903998575117996
230929-MiFishU-COL-082-S2_S78_L001_R2_001										9.252827500222638	0.0	4.187817258883249	3.054590791700062	30.902128417490427	30.82420518300828	5.454626413750111
230929-MiFishU-COL-082-S3_S79_L001_R1_001										4.257758634046575	0.0	8.845540044312918	1.8205481786771198	47.69061526781426	26.26237585410824	3.475310267891728
230929-MiFishU-COL-082-S3_S79_L001_R2_001										9.342898312700454	0.0	9.31810786941634	2.5828543096636247	39.5113183867619	16.591004167893278	5.932662958429526
230929-MiFishU-COL-083-B1_S86_L001_R1_001										7.146341123514083	11.120866256950542	8.022910656800034	1.5106540128489208	56.58960101453516	4.431623395626907	3.4379921122677923
230929-MiFishU-COL-083-B1_S86_L001_R2_001										12.31656841841214	16.480622099586103	5.323522443803392	4.01354571679418	35.40978580486921	4.3661245592764475	5.858661872709283
230929-MiFishU-COL-083-B2_S87_L001_R1_001										4.694520533113909	6.740794473977675	5.44482097809729	1.2862293342572242	61.87434362244622	9.66187759167632	3.41695267585505
230929-MiFishU-COL-083-B2_S87_L001_R2_001										7.391487933479857	15.62855255892511	7.0255405302989296	3.227482866515813	30.428851379881554	14.856598421445815	6.04354557560928
230929-MiFishU-COL-083-B3_S88_L001_R1_001										7.549839910845376	26.387291928322515	5.833967203835064	2.000672197555324	36.52332348622879	9.278095204401126	4.02787850913658
230929-MiFishU-COL-083-B3_S88_L001_R2_001										10.912596628398578	26.691549769153205	10.148414144451717	3.560878102280165	0.0	24.190267286975285	6.552157223470307
230929-MiFishU-COL-083-S1_S83_L001_R1_001										6.058010035491372	0.0	7.938644800717986	1.3829396646677272	60.06200791416799	12.660629053971363	4.3344347897034226
230929-MiFishU-COL-083-S1_S83_L001_R2_001										10.180312487251662	0.0	8.107942724268757	2.4374821523273362	49.58593399420715	9.101293191367846	5.4460898298861835
230929-MiFishU-COL-083-S2_S84_L001_R1_001										7.853703035831725	32.04489042578017	6.538388102764283	0.8995056961622505	36.9688355219891	2.5606211680845195	4.497528480811253
230929-MiFishU-COL-083-S2_S84_L001_R2_001										9.792731824256954	15.821965759382225	11.201391688058212	1.7735536839425505	29.989180473937672	8.70441479092857	6.177737234019984
230929-MiFishU-COL-083-S3_S85_L001_R1_001										4.225306492623123	10.011822436717575	5.086886812314768	1.5871216415372407	55.244789220528936	13.24436814744036	3.5677846697005524
230929-MiFishU-COL-083-S3_S85_L001_R2_001										11.148719775859556	0.0	7.747744829708327	1.5984582246910781	45.93907396310752	13.197402302945893	5.21482825076522
230929-MiFishU-COL-084-B1_S92_L001_R1_001										6.171890021149779	12.304613785098308	4.952751251539946	1.6770279219808157	46.13357830046929	17.70101191366333	3.1603608992572654
230929-MiFishU-COL-084-B1_S92_L001_R2_001										7.374650174111816	17.220335120738888	5.631395671772522	2.590669885420895	25.324901906328556	20.443362031518156	5.723258347753637
230929-MiFishU-COL-084-B2_S93_L001_R1_001										2.840317061348643	2.229936233633928	4.347258220404656	1.353402662688404	71.73150209410255	8.27859835896662	2.960477623723294
230929-MiFishU-COL-084-B2_S93_L001_R2_001										7.1695802216875295	5.490525020389564	4.013188637570783	2.5280156963362637	45.99305158487138	15.588075660520289	5.074897181451156
230929-MiFishU-COL-084-B3_S94_L001_R1_001										5.6004088550764015	22.65975753341355	4.567273480055377	1.4885688778480768	44.792920079183325	9.801524149620256	3.4215735745060747
230929-MiFishU-COL-084-B3_S94_L001_R2_001										8.816261046203211	22.35893852941557	5.73302798587121	3.048946163102123	23.618496810671637	15.82954883618626	5.353284425985587
230929-MiFishU-COL-084-S1_S89_L001_R1_001										5.18629901938174	11.378123818045959	3.01011983284287	1.1337533786588685	57.440429516332884	12.61519727677789	3.290560050184039
230929-MiFishU-COL-084-S1_S89_L001_R2_001										6.31912989732567	0.0	6.149389765777069	3.308087563767862	47.930369646036475	17.140063283549047	4.540548518925102
230929-MiFishU-COL-084-S2_S90_L001_R1_001										3.5613485687027118	4.014081085497984	3.150134936374518	1.7111080683559847	69.71285716178673	10.377070975207927	2.4964333511481738
230929-MiFishU-COL-084-S2_S90_L001_R2_001										6.5785347367305205	0.0	2.942098823778837	1.9862811005154524	57.545173871370956	15.49626109194666	4.074592651157449
230929-MiFishU-COL-084-S3_S91_L001_R1_001										5.176910695123405	0.0	1.286216764039585	1.4032133063073806	67.65753547156314	15.461428401096935	3.2207583164421125
230929-MiFishU-COL-084-S3_S91_L001_R2_001										7.6047752474067005	3.919756766424228	5.259627995707643	2.189400262310719	51.494873017765585	12.478389173721235	4.6925301061166085
230929-MiFishU-COL-085-B1_S98_L001_R1_001										6.920167515779176	0.0	3.8908045291303264	2.9446505911970697	39.81005333301517	33.89688950401489	3.525706036056459
230929-MiFishU-COL-085-B1_S98_L001_R2_001										12.136542063880306	0.0	6.564614081347762	3.1093028527794018	35.8416952024149	21.110090320117404	5.110185770703829
230929-MiFishU-COL-085-B2_S99_L001_R1_001										7.600020248721799	10.834753556181766	5.271417241786612	2.7470765907902064	34.25408771071326	24.698378414862564	4.225233282149064
230929-MiFishU-COL-085-B2_S99_L001_R2_001										12.31459764102391	0.0	4.825945362199011	3.410222229721749	29.920861245633866	23.306278791151307	6.506589271552234
230929-MiFishU-COL-085-B3_S100_L001_R1_001										6.359174245705211	7.521293489244983	8.260430200664068	2.3458928829219	36.754727876425584	25.24036379385015	3.9021221307925504
230929-MiFishU-COL-085-B3_S100_L001_R2_001										11.455175400606322	0.0	8.715172513353545	3.073480583225061	32.97098310957124	20.490832972426738	5.988162263606179
230929-MiFishU-COL-085-S1_S95_L001_R1_001										2.9110737439615875	13.58144688626887	3.338744010186328	1.2460756393184491	59.914660342330606	9.52343924652275	3.33096818716406
230929-MiFishU-COL-085-S1_S95_L001_R2_001										4.264066949836222	7.496865371344148	6.800929210851161	2.5961529115597326	42.587210715084126	17.863009437905195	4.711176773616633
230929-MiFishU-COL-085-S2_S96_L001_R1_001										9.891299445221236	0.0	1.547065987100266	1.3914573090974696	58.39159262099138	16.48775427360065	3.094131974200532
230929-MiFishU-COL-085-S2_S96_L001_R2_001										13.587569347345632	19.90212439673447	4.706598710026611	1.7500338279734788	27.560777592350366	11.370709485363765	4.950160119074467
230929-MiFishU-COL-085-S3_S97_L001_R1_001										9.659652168707158	0.0	6.070584009339361	2.442601849911695	46.65489268716138	21.160235878708058	3.1580207740892625
230929-MiFishU-COL-085-S3_S97_L001_R2_001										14.640644176370222	0.0	2.340826772832041	3.448379082228276	41.06025683240039	15.610500793246922	4.71458077648397
230929-MiFishU-COL-FN-3-17_S36_L001_R1_001										3.985215605749487	0.0	1.4537987679671458	1.2008213552361395	74.05503080082136	7.7930184804928135	4.639014373716632
230929-MiFishU-COL-FN-3-17_S36_L001_R2_001										7.273921971252567	0.0	0.8459958932238193	2.373716632443532	63.18521560574949	7.119507186858316	5.6000000000000005
230929-MiFishU-COL-FN-3-19_S37_L001_R1_001										4.144965277777778	0.0	1.655688316993464	1.519097222222222	78.45179738562092	3.922845179738562	4.2062397875816995
230929-MiFishU-COL-FN-3-19_S37_L001_R2_001										8.138020833333332	0.0	1.6173917483660132	2.1458843954248366	65.04289215686273	4.31985294117647	5.563214869281046
230929-MiFishU-COL-FN-3-20_S38_L001_R1_001										10.833907649896624	0.0	18.566505858028943	0.7718814610613369	0.0	44.50723638869745	4.107512060647829
230929-MiFishU-COL-FN-3-20_S38_L001_R2_001										10.889042039972432	0.0	18.097863542384562	1.6264645072363888	0.0	40.289455547898	2.7291523087525844
230929-MiFishU-COL-FN-3-22_S64_L001_R1_001										4.0617096611026815	0.0	1.7349519473950428	1.468133535660091	81.66413758219524	1.708396560445119	3.2144663631765305
230929-MiFishU-COL-FN-3-22_S64_L001_R2_001										5.039200809307031	0.0	4.295649974709155	2.0422357106727365	71.20005058168944	0.0	4.955741021750127
230929-MiFishU-COL-FN-3-23_S65_L001_R1_001										3.4291375084140876	0.0	0.0	1.1430458361380291	74.6650240674651	11.280592351753304	3.23354966534158
230929-MiFishU-COL-FN-3-23_S65_L001_R2_001										5.044642290155835	0.0	1.0427118127436912	1.5469220315734662	64.22266532887969	11.074844101248459	4.553132580616483
230929-MiFishU-COL-FN-3-24_S66_L001_R1_001										4.067985511284481	0.0	0.0	5.99052660908331	0.0	67.59543048202842	4.876010030649206
230929-MiFishU-COL-FN-3-24_S66_L001_R2_001										3.3714126497631653	0.0	0.0	3.817219281136807	0.0	57.982724993034275	7.021454444134855
230929-MiFishU-COL-FN-3-25_S101_L001_R1_001										5.189082242906606	0.0	0.0	1.1871037366788075	62.59723908449121	12.469085840190656	4.528081298619542
230929-MiFishU-COL-FN-3-25_S101_L001_R2_001										5.467871756823598	0.0	0.0	2.2168262961464094	52.232564413867536	10.958226538963082	7.468861009937497
230929-MiFishU-COL-FN-3-26_S102_L001_R1_001										7.477066866670514	0.0	6.802053885651647	0.6865516644550856	66.8147464374315	0.0	4.107771303294294
230929-MiFishU-COL-FN-3-26_S102_L001_R2_001										10.673282178503433	56.04338544972018	4.055847227831304	1.9154214504125078	0.0	0.0	5.827035135291063
230929-MiFishU-COL-FN-3-27_S103_L001_R1_001										8.474341192787795	0.0	7.975034674063801	3.8834951456310676	0.0	54.70180305131761	4.618585298196948
230929-MiFishU-COL-FN-3-27_S103_L001_R2_001										4.632454923717059	0.0	14.701803051317613	4.895977808599168	0.0	39.79195561719834	6.657420249653259
230929-MiFishU-COL-FN-3-28_S68_L001_R1_001										20.45616535994298	0.0	0.0	2.1952957947255882	0.0	60.413399857448326	4.975053456878118
230929-MiFishU-COL-FN-3-28_S68_L001_R2_001										7.854597291518176	0.0	0.0	1.9529579472558802	0.0	66.62865288667142	5.0605844618674265
230929-MiFishU-EN-8-22-23_S67_L001_R1_001										3.755458515283843	65.00436681222708	0.0	0.7336244541484715	0.0	11.580786026200872	3.353711790393013
230929-MiFishU-EN-8-22-23_S67_L001_R2_001										5.6943231441048034	61.3886462882096	0.0	0.794759825327511	0.0	11.240174672489083	3.9301310043668125
230929-MiFishU-EN-8-23-23_S39_L001_R1_001										5.595134665508254	21.739357080799305	1.320590790616855	1.7688966116420506	26.950477845351866	20.182450043440486	3.784535186794092
230929-MiFishU-EN-8-23-23_S39_L001_R2_001										4.396177237185057	21.41268462206777	1.2927888792354474	2.3023457862728063	26.284969591659426	19.532580364900088	4.519548218940052
230929-MiFishU-EN-9-1-23_S69_L001_R1_001										5.000147845885449	25.77840858688903	2.250214376533901	1.061533457523877	35.41500340045536	14.406103078151336	2.8918655193825957
230929-MiFishU-EN-9-1-23_S69_L001_R2_001										2.951003873562199	22.86880156125255	2.749933469351548	2.9421331204352583	35.13409621810225	14.400189242733374	3.6133534403737544
230929-MiFishU-NEG-PCR_S70_L001_R1_001										4.2201571182218816	0.0	6.152998658746887	1.7915309446254073	62.749089863958616	6.770933128951906	2.993868557194865
230929-MiFishU-NEG-PCR_S70_L001_R2_001										3.8680781758957656	0.0	7.714600498179728	2.476528070511592	61.280896723510246	6.720636137191033	3.3603180685955163
230929-MiFishU-POS-PCR_S71_L001_R1_001										6.083768011155296	0.0	0.0	1.7507617621236378	78.83075969632804	0.0	4.01797242162888
230929-MiFishU-POS-PCR_S71_L001_R2_001										5.004389815627744	0.0	0.0	2.892113825336983	70.52626142643186	0.0	5.810050095543047
