Sample	FastQC_mqc-generalstats-fastqc-total_sequences	FastQC_mqc-generalstats-fastqc-percent_duplicates	FastQC_mqc-generalstats-fastqc-avg_sequence_length	FastQC_mqc-generalstats-fastqc-percent_gc	FastQC_mqc-generalstats-fastqc-median_sequence_length	FastQC_mqc-generalstats-fastqc-percent_fails
230929-COI-COL-071-B1_S107_L001_R1_001	61501.0	75.15324954065788	295.37061185996976	38.0	301	36.36363636363637
230929-COI-COL-071-B1_S107_L001_R2_001	61501.0	77.86865254223508	295.83044178143444	37.0	301	45.45454545454545
230929-COI-COL-071-B2_S108_L001_R1_001	80911.0	78.14883019614143	296.6679932271261	38.0	301	36.36363636363637
230929-COI-COL-071-B2_S108_L001_R2_001	80911.0	80.88764197698706	297.1122097119057	38.0	301	45.45454545454545
230929-COI-COL-071-B3_S109_L001_R1_001	87656.0	77.54061330656202	294.6491512275258	38.0	301	36.36363636363637
230929-COI-COL-071-B3_S109_L001_R2_001	87656.0	79.06247147941954	295.4164803322077	38.0	301	45.45454545454545
230929-COI-COL-071-S1_S104_L001_R1_001	74869.0	80.72232833348916	281.62885840601587	39.0	301	36.36363636363637
230929-COI-COL-071-S1_S104_L001_R2_001	74869.0	81.91774966942259	283.42382027274306	38.0	301	36.36363636363637
230929-COI-COL-071-S2_S105_L001_R1_001	85360.0	82.50820056232428	293.2367970946579	38.0	301	36.36363636363637
230929-COI-COL-071-S2_S105_L001_R2_001	85360.0	83.92221180880975	295.0119259606373	37.0	301	45.45454545454545
230929-COI-COL-071-S3_S106_L001_R1_001	73410.0	82.09372020160741	296.63092221768153	39.0	301	36.36363636363637
230929-COI-COL-071-S3_S106_L001_R2_001	73410.0	84.03895926985425	296.6497207464923	38.0	301	45.45454545454545
230929-COI-COL-072-B1_S113_L001_R1_001	83979.0	81.28817918765405	282.48301361054547	38.0	301	36.36363636363637
230929-COI-COL-072-B1_S113_L001_R2_001	83979.0	83.73879184081736	285.4722847378511	37.0	301	45.45454545454545
230929-COI-COL-072-B2_S114_L001_R1_001	69394.0	85.62699945240223	293.71181946565986	37.0	294	45.45454545454545
230929-COI-COL-072-B2_S114_L001_R2_001	69394.0	88.32031587745338	297.74454563795143	35.0	301	45.45454545454545
230929-COI-COL-072-S1_S110_L001_R1_001	86931.0	78.61752424336542	277.98008765572695	35.0	301	45.45454545454545
230929-COI-COL-072-S1_S110_L001_R2_001	86931.0	81.11030587477424	279.83749180384444	34.0	301	45.45454545454545
230929-COI-COL-072-S2_S111_L001_R1_001	98251.0	79.54015735208802	233.49762343385817	36.0	301	36.36363636363637
230929-COI-COL-072-S2_S111_L001_R2_001	98251.0	78.20073078136609	237.50775055724623	35.0	301	45.45454545454545
230929-COI-COL-072-S3_S112_L001_R1_001	77462.0	80.03020836022824	287.28118303168003	37.0	301	36.36363636363637
230929-COI-COL-072-S3_S112_L001_R2_001	77462.0	83.49900596421472	288.1435800779737	35.0	301	45.45454545454545
230929-COI-COL-073-B1_S118_L001_R1_001	89543.0	80.65510425158863	298.2159967836682	38.0	301	36.36363636363637
230929-COI-COL-073-B1_S118_L001_R2_001	89543.0	80.66962241604593	298.39068380554596	37.0	301	45.45454545454545
230929-COI-COL-073-B2_S119_L001_R1_001	81078.0	80.34608648461975	296.32767211820715	37.0	301	36.36363636363637
230929-COI-COL-073-B2_S119_L001_R2_001	81078.0	83.91548878857397	297.8666222649794	36.0	301	45.45454545454545
230929-COI-COL-073-B3_S120_L001_R1_001	70368.0	76.65700318326512	295.34402000909506	37.0	301	36.36363636363637
230929-COI-COL-073-B3_S120_L001_R2_001	70368.0	80.77393133242383	296.11839188267396	36.0	301	45.45454545454545
230929-COI-COL-073-S1_S115_L001_R1_001	46946.0	75.11609082775955	295.3302517786393	37.0	301	36.36363636363637
230929-COI-COL-073-S1_S115_L001_R2_001	46946.0	78.20687598517446	296.62322668597966	35.0	301	45.45454545454545
230929-COI-COL-073-S2_S116_L001_R1_001	80467.0	83.33726869399878	296.5238172169958	39.0	301	36.36363636363637
230929-COI-COL-073-S2_S116_L001_R2_001	80467.0	83.06262194439957	299.1619918724446	37.0	301	45.45454545454545
230929-COI-COL-073-S3_S117_L001_R1_001	61449.0	81.58147406792625	295.5430356881316	37.0	294	36.36363636363637
230929-COI-COL-073-S3_S117_L001_R2_001	61449.0	81.34713339517323	298.7819980797084	36.0	301	45.45454545454545
230929-COI-COL-074-B1_S124_L001_R1_001	84341.0	79.81645937325855	297.510736178134	38.0	301	36.36363636363637
230929-COI-COL-074-B1_S124_L001_R2_001	84341.0	81.88188425558151	298.4415408875873	37.0	301	45.45454545454545
230929-COI-COL-074-B2_S125_L001_R1_001	72502.0	80.91225069653251	295.4738214118231	38.0	301	36.36363636363637
230929-COI-COL-074-B2_S125_L001_R2_001	72502.0	79.25574466911257	297.57466000937904	37.0	301	45.45454545454545
230929-COI-COL-074-B3_S126_L001_R1_001	86742.0	79.05512900325103	295.73748587766016	37.0	301	36.36363636363637
230929-COI-COL-074-B3_S126_L001_R2_001	86742.0	80.68986188928085	297.01658942611425	36.0	301	45.45454545454545
230929-COI-COL-074-S1_S121_L001_R1_001	80441.0	79.84112579406025	294.45899479121346	36.0	301	36.36363636363637
230929-COI-COL-074-S1_S121_L001_R2_001	80441.0	83.2871296975423	294.9424174239505	35.0	301	45.45454545454545
230929-COI-COL-074-S2_S122_L001_R1_001	84474.0	81.53514690910814	295.68127471174563	34.0	301	36.36363636363637
230929-COI-COL-074-S2_S122_L001_R2_001	84474.0	86.40173307763335	296.79585434571584	32.0	301	45.45454545454545
230929-COI-COL-074-S3_S123_L001_R1_001	66399.0	78.99516558984323	295.2148978147261	35.0	301	36.36363636363637
230929-COI-COL-074-S3_S123_L001_R2_001	66399.0	81.18796969833883	295.9808732059218	34.0	301	45.45454545454545
230929-COI-COL-075-B1_S130_L001_R1_001	90421.0	78.2229791751916	290.579500337311	38.0	301	36.36363636363637
230929-COI-COL-075-B1_S130_L001_R2_001	90421.0	83.28375045619933	291.6567611506177	37.0	301	45.45454545454545
230929-COI-COL-075-B2_S131_L001_R1_001	68478.0	73.7360904232016	286.77462834779055	37.0	301	36.36363636363637
230929-COI-COL-075-B2_S131_L001_R2_001	68478.0	77.6585180641958	288.6084435877216	36.0	301	45.45454545454545
230929-COI-COL-075-B3_S132_L001_R1_001	83730.0	78.26346590230503	291.0123133882718	38.0	301	36.36363636363637
230929-COI-COL-075-B3_S132_L001_R2_001	83730.0	74.56108921533502	292.09134121581275	37.0	301	45.45454545454545
230929-COI-COL-075-S1_S127_L001_R1_001	92900.0	76.55758880516684	270.08523143164695	38.0	301	45.45454545454545
230929-COI-COL-075-S1_S127_L001_R2_001	92900.0	78.51668460710442	273.9143810548977	37.0	301	45.45454545454545
230929-COI-COL-075-S2_S128_L001_R1_001	74049.0	77.42170724790341	279.095409796216	37.0	301	45.45454545454545
230929-COI-COL-075-S2_S128_L001_R2_001	74049.0	81.0314791556942	282.86926224527	36.0	301	45.45454545454545
230929-COI-COL-075-S3_S129_L001_R1_001	87654.0	77.57318547927076	280.20836470668763	39.0	301	36.36363636363637
230929-COI-COL-075-S3_S129_L001_R2_001	87654.0	81.86277865242887	283.4069523353184	38.0	301	45.45454545454545
230929-COI-COL-076-B1_S136_L001_R1_001	55460.0	64.54020915975478	261.9236386584926	36.0	301	45.45454545454545
230929-COI-COL-076-B1_S136_L001_R2_001	55460.0	71.44969347277316	269.3379913451136	35.0	301	45.45454545454545
230929-COI-COL-076-B2_S137_L001_R1_001	99233.0	72.52426108250279	263.8674835992059	36.0	301	45.45454545454545
230929-COI-COL-076-B2_S137_L001_R2_001	99233.0	77.33012203601625	270.95884433605755	35.0	301	45.45454545454545
230929-COI-COL-076-B3_S138_L001_R1_001	63283.0	73.1997534882986	272.26033847952846	38.0	301	45.45454545454545
230929-COI-COL-076-B3_S138_L001_R2_001	63283.0	79.19978509236287	275.09860468056195	37.0	301	45.45454545454545
230929-COI-COL-076-S1_S133_L001_R1_001	93522.0	76.43762964863882	279.8545796710934	38.0	301	45.45454545454545
230929-COI-COL-076-S1_S133_L001_R2_001	93522.0	78.73655396591177	284.24277710057527	37.0	301	45.45454545454545
230929-COI-COL-076-S2_S134_L001_R1_001	93661.0	75.63340130897599	275.1133449354587	35.0	301	45.45454545454545
230929-COI-COL-076-S2_S134_L001_R2_001	93661.0	62.82657669681084	281.58493930237773	33.0	301	45.45454545454545
230929-COI-COL-076-S3_S135_L001_R1_001	100931.0	74.53507841991063	270.4682307715172	35.0	301	45.45454545454545
230929-COI-COL-076-S3_S135_L001_R2_001	100931.0	80.3965085058109	275.25785932964106	34.0	301	45.45454545454545
230929-COI-COL-077-B1_S146_L001_R1_001	63888.0	75.77009767092412	281.10117705985476	38.0	301	36.36363636363637
230929-COI-COL-077-B1_S146_L001_R2_001	63888.0	77.49968695216629	283.33608815427	37.0	301	45.45454545454545
230929-COI-COL-077-B2_S147_L001_R1_001	90438.0	76.77082642252151	282.9980428580906	38.0	301	45.45454545454545
230929-COI-COL-077-B2_S147_L001_R2_001	90438.0	79.8956190981667	286.23161724054046	37.0	301	45.45454545454545
230929-COI-COL-077-B3_S148_L001_R1_001	91395.0	72.52037857650856	274.06629465506865	38.0	301	45.45454545454545
230929-COI-COL-077-B3_S148_L001_R2_001	91395.0	75.23496909021281	278.74669292630887	38.0	301	45.45454545454545
230929-COI-COL-077-S1_S143_L001_R1_001	85906.0	73.94710497520546	263.9967406234722	38.0	301	45.45454545454545
230929-COI-COL-077-S1_S143_L001_R2_001	85906.0	76.71175470863503	272.12563732451747	37.0	301	45.45454545454545
230929-COI-COL-077-S2_S144_L001_R1_001	104955.0	74.08603687294556	254.7919012910295	35.0	301	45.45454545454545
230929-COI-COL-077-S2_S144_L001_R2_001	104955.0	78.92239531227669	261.39229193463865	35.0	301	45.45454545454545
230929-COI-COL-077-S3_S145_L001_R1_001	105215.0	73.1369101363874	249.64813952383216	36.0	301	45.45454545454545
230929-COI-COL-077-S3_S145_L001_R2_001	105215.0	75.76296155491137	260.8384260799316	35.0	301	45.45454545454545
230929-COI-COL-078-B1_S152_L001_R1_001	102094.0	82.44363037984603	272.0527455090407	39.0	301	36.36363636363637
230929-COI-COL-078-B1_S152_L001_R2_001	102094.0	82.54059983936372	275.6777969322389	37.0	301	45.45454545454545
230929-COI-COL-078-B2_S153_L001_R1_001	105692.0	77.64542254853725	271.07263558263634	38.0	301	45.45454545454545
230929-COI-COL-078-B2_S153_L001_R2_001	105692.0	81.5340801574386	275.3866990879158	37.0	301	45.45454545454545
230929-COI-COL-078-B3_S154_L001_R1_001	67978.0	74.20047662479037	259.9329488952308	37.0	301	45.45454545454545
230929-COI-COL-078-B3_S154_L001_R2_001	67978.0	74.7447703668834	264.7752066845156	36.0	301	45.45454545454545
230929-COI-COL-078-S1_S149_L001_R1_001	114140.0	73.51322936744349	240.6515156824952	36.0	301	45.45454545454545
230929-COI-COL-078-S1_S149_L001_R2_001	114140.0	74.39372700192746	251.91685649202734	35.0	301	45.45454545454545
230929-COI-COL-078-S2_S150_L001_R1_001	55157.0	64.8548688289791	239.4556629258299	35.0	301	45.45454545454545
230929-COI-COL-078-S2_S150_L001_R2_001	55157.0	69.01571876643037	251.0959986946353	34.0	301	45.45454545454545
230929-COI-COL-078-S3_S151_L001_R1_001	93312.0	82.89394718792866	266.702535579561	41.0	301	36.36363636363637
230929-COI-COL-078-S3_S151_L001_R2_001	93312.0	82.49421296296296	270.38401277434843	39.0	301	45.45454545454545
230929-COI-COL-079-B1_S158_L001_R1_001	42771.0	74.07355451123425	278.7712001122256	37.0	301	45.45454545454545
230929-COI-COL-079-B1_S158_L001_R2_001	42771.0	75.74057188281779	282.1417783077319	37.0	301	45.45454545454545
230929-COI-COL-079-B2_S159_L001_R1_001	77869.0	75.82863527205949	285.5979016039759	38.0	301	36.36363636363637
230929-COI-COL-079-B2_S159_L001_R2_001	77869.0	79.18041839499674	287.83933272547483	37.0	301	45.45454545454545
230929-COI-COL-079-B3_S160_L001_R1_001	86585.0	83.51215568516487	295.5133683663452	38.0	301	36.36363636363637
230929-COI-COL-079-B3_S160_L001_R2_001	86585.0	80.8569613674424	296.4067679159208	37.0	301	45.45454545454545
230929-COI-COL-079-S1_S155_L001_R1_001	108974.0	76.83392368821922	173.29933745664104	40.0	64	45.45454545454545
230929-COI-COL-079-S1_S155_L001_R2_001	108974.0	74.69488134784444	183.37748453759613	40.0	294	45.45454545454545
230929-COI-COL-079-S2_S156_L001_R1_001	123638.0	75.1710639123894	254.12688655591322	36.0	301	45.45454545454545
230929-COI-COL-079-S2_S156_L001_R2_001	123638.0	75.64017535062035	262.8988498681635	35.0	301	45.45454545454545
230929-COI-COL-079-S3_S157_L001_R1_001	124407.0	74.1630294115283	244.17195173905006	39.0	301	45.45454545454545
230929-COI-COL-079-S3_S157_L001_R2_001	124407.0	73.09315392220695	255.52132114752385	38.0	301	45.45454545454545
230929-COI-COL-080-B1_S164_L001_R1_001	83786.0	79.95011099706394	292.0390518702408	36.0	301	36.36363636363637
230929-COI-COL-080-B1_S164_L001_R2_001	83786.0	80.54925643902322	294.5738667557826	34.0	301	45.45454545454545
230929-COI-COL-080-B2_S165_L001_R1_001	86136.0	75.23102999907124	288.39268134113496	39.0	301	45.45454545454545
230929-COI-COL-080-B2_S165_L001_R2_001	86136.0	77.04328039379585	290.52435683105784	38.0	301	45.45454545454545
230929-COI-COL-080-B3_S166_L001_R1_001	90560.0	79.54726148409894	289.09783568904595	39.0	301	36.36363636363637
230929-COI-COL-080-B3_S166_L001_R2_001	90560.0	81.63758833922262	291.6567469081272	38.0	301	45.45454545454545
230929-COI-COL-080-S1_S161_L001_R1_001	102083.0	76.06849328487603	266.3630085322728	37.0	301	45.45454545454545
230929-COI-COL-080-S1_S161_L001_R2_001	102083.0	79.51666780952755	270.4860554646709	36.0	301	45.45454545454545
230929-COI-COL-080-S2_S162_L001_R1_001	81390.0	72.80747020518491	265.9060695417127	38.0	301	45.45454545454545
230929-COI-COL-080-S2_S162_L001_R2_001	81390.0	75.70463201867551	271.0064627104067	36.0	301	45.45454545454545
230929-COI-COL-080-S3_S163_L001_R1_001	90512.0	78.29238112073537	282.9054600494962	35.0	301	36.36363636363637
230929-COI-COL-080-S3_S163_L001_R2_001	90512.0	81.24889517412056	284.75880546225915	34.0	301	45.45454545454545
230929-COI-COL-081-B1_S178_L001_R1_001	74602.0	70.78094421061098	271.6610680678802	40.0	301	45.45454545454545
230929-COI-COL-081-B1_S178_L001_R2_001	74602.0	73.76745931744458	277.51186295273584	39.0	301	45.45454545454545
230929-COI-COL-081-B2_S179_L001_R1_001	105313.0	69.50234064170616	257.4670078717727	38.0	301	45.45454545454545
230929-COI-COL-081-B2_S179_L001_R2_001	105313.0	74.65270194562875	264.4413795068035	37.0	301	45.45454545454545
230929-COI-COL-081-S1_S175_L001_R1_001	96635.0	65.708076783774	244.34602369741813	36.0	301	45.45454545454545
230929-COI-COL-081-S1_S175_L001_R2_001	96635.0	74.05908832203653	251.1480312516169	36.0	301	45.45454545454545
230929-COI-COL-081-S2_S176_L001_R1_001	110888.0	66.41295721809394	252.94883125315633	36.0	301	45.45454545454545
230929-COI-COL-081-S2_S176_L001_R2_001	110888.0	75.5654353942717	259.1803892215569	35.0	301	45.45454545454545
230929-COI-COL-081-S3_S177_L001_R1_001	91627.0	71.41017385705086	265.5337946238554	37.0	301	45.45454545454545
230929-COI-COL-081-S3_S177_L001_R2_001	91627.0	78.53034585875342	270.5904045750707	36.0	301	45.45454545454545
230929-COI-COL-082-B1_S183_L001_R1_001	66513.0	78.87480642881843	288.99697803436925	39.0	301	36.36363636363637
230929-COI-COL-082-B1_S183_L001_R2_001	66513.0	79.84604513403394	291.07409077924615	38.0	301	45.45454545454545
230929-COI-COL-082-B2_S184_L001_R1_001	90487.0	75.20969863074254	278.7727960922563	38.0	301	45.45454545454545
230929-COI-COL-082-B2_S184_L001_R2_001	90487.0	78.83673897907987	281.5572844718026	37.0	301	45.45454545454545
230929-COI-COL-082-B3_S185_L001_R1_001	90884.0	76.27305136217596	287.1950288279565	37.0	301	45.45454545454545
230929-COI-COL-082-B3_S185_L001_R2_001	90884.0	80.36288015492276	289.148287927468	36.0	301	45.45454545454545
230929-COI-COL-082-S1_S180_L001_R1_001	102330.0	71.91928075833088	265.7113358741327	35.0	301	45.45454545454545
230929-COI-COL-082-S1_S180_L001_R2_001	102330.0	77.2960031271377	269.6562103000098	34.0	301	45.45454545454545
230929-COI-COL-082-S2_S181_L001_R1_001	108391.0	70.70882268823057	257.36961555848734	35.0	301	45.45454545454545
230929-COI-COL-082-S2_S181_L001_R2_001	108391.0	76.02660737515107	262.63735919033866	34.0	301	45.45454545454545
230929-COI-COL-082-S3_S182_L001_R1_001	87975.0	76.31940892298948	270.5751520318272	36.0	301	36.36363636363637
230929-COI-COL-082-S3_S182_L001_R2_001	87975.0	80.23756749076442	273.4238022165388	34.0	301	45.45454545454545
230929-COI-COL-083-B1_S189_L001_R1_001	93721.0	74.0175627660823	259.0526562883452	37.0	301	45.45454545454545
230929-COI-COL-083-B1_S189_L001_R2_001	93721.0	75.9797697421069	262.92458467152505	36.0	301	45.45454545454545
230929-COI-COL-083-B2_S190_L001_R1_001	103893.0	71.08756124089207	245.62964781072836	38.0	301	45.45454545454545
230929-COI-COL-083-B2_S190_L001_R2_001	103893.0	76.65675262048454	251.1720616403415	37.0	301	45.45454545454545
230929-COI-COL-083-B3_S191_L001_R1_001	104033.0	69.13191006699797	226.40191093210808	38.0	301	45.45454545454545
230929-COI-COL-083-B3_S191_L001_R2_001	104033.0	72.25303509463343	237.7176857343343	38.0	301	45.45454545454545
230929-COI-COL-083-S1_S186_L001_R1_001	82449.0	69.68065106914578	251.31450957561646	36.0	301	45.45454545454545
230929-COI-COL-083-S1_S186_L001_R2_001	82449.0	74.10641730039175	257.0207522225861	35.0	301	45.45454545454545
230929-COI-COL-083-S2_S187_L001_R1_001	113646.0	72.15476127624378	257.3057036763282	36.0	301	45.45454545454545
230929-COI-COL-083-S2_S187_L001_R2_001	113646.0	76.807806697992	263.41908206184115	35.0	301	45.45454545454545
230929-COI-COL-083-S3_S188_L001_R1_001	116724.0	74.71214146191015	255.837051506117	40.0	301	45.45454545454545
230929-COI-COL-083-S3_S188_L001_R2_001	116724.0	76.20883451560947	259.9632037969912	39.0	301	45.45454545454545
230929-COI-COL-084-B1_S195_L001_R1_001	116457.0	77.05848510609066	243.39752870158085	40.0	301	45.45454545454545
230929-COI-COL-084-B1_S195_L001_R2_001	116457.0	76.91680190971775	247.73749109113234	39.0	301	45.45454545454545
230929-COI-COL-084-B2_S196_L001_R1_001	116436.0	74.70971177299117	250.8289274794737	39.0	301	45.45454545454545
230929-COI-COL-084-B2_S196_L001_R2_001	116436.0	73.75296300113366	255.7038544779965	38.0	301	45.45454545454545
230929-COI-COL-084-B3_S197_L001_R1_001	115822.0	72.00704529364025	251.2883994405208	38.0	301	45.45454545454545
230929-COI-COL-084-B3_S197_L001_R2_001	115822.0	71.13415413306626	261.7476299839409	37.0	301	45.45454545454545
230929-COI-COL-084-S1_S192_L001_R1_001	112664.0	74.94940708655827	244.6347990484982	38.0	301	45.45454545454545
230929-COI-COL-084-S1_S192_L001_R2_001	112664.0	74.77632606688915	251.73168003976426	37.0	301	45.45454545454545
230929-COI-COL-084-S2_S193_L001_R1_001	103613.0	79.90213583237625	260.43991584067635	40.0	301	45.45454545454545
230929-COI-COL-084-S2_S193_L001_R2_001	103613.0	77.35515813652727	266.7295609624275	39.0	301	45.45454545454545
230929-COI-COL-084-S3_S194_L001_R1_001	75244.0	77.8135133698368	275.5333049811281	39.0	301	45.45454545454545
230929-COI-COL-084-S3_S194_L001_R2_001	75244.0	75.9768220721918	281.4732869065972	37.0	301	45.45454545454545
230929-COI-COL-085-B1_S201_L001_R1_001	76889.0	78.26997359830405	281.59953959604104	38.0	301	45.45454545454545
230929-COI-COL-085-B1_S201_L001_R2_001	76889.0	82.32907177879801	284.76166941955285	37.0	301	45.45454545454545
230929-COI-COL-085-B2_S202_L001_R1_001	62668.0	69.99425544137358	276.3770345311802	38.0	301	45.45454545454545
230929-COI-COL-085-B2_S202_L001_R2_001	62668.0	75.55371162315696	280.72453245675626	37.0	301	45.45454545454545
230929-COI-COL-085-B3_S203_L001_R1_001	81515.0	75.02177513341103	271.9973256455867	38.0	301	45.45454545454545
230929-COI-COL-085-B3_S203_L001_R2_001	81515.0	79.1400355762743	276.59072563331904	37.0	301	45.45454545454545
230929-COI-COL-085-S1_S198_L001_R1_001	98167.0	77.40992390518198	250.42765898927337	37.0	294	45.45454545454545
230929-COI-COL-085-S1_S198_L001_R2_001	98167.0	78.27477665610644	257.45368606558213	36.0	301	45.45454545454545
230929-COI-COL-085-S2_S199_L001_R1_001	78068.0	75.26259158682174	228.69643131628837	39.0	294	45.45454545454545
230929-COI-COL-085-S2_S199_L001_R2_001	78068.0	76.08495158067326	241.9043782343598	38.0	301	45.45454545454545
230929-COI-COL-085-S3_S200_L001_R1_001	87028.0	75.46077124603576	240.21265569701706	37.0	294	45.45454545454545
230929-COI-COL-085-S3_S200_L001_R2_001	87028.0	77.21537895849612	251.64304591625682	36.0	301	45.45454545454545
230929-COI-COL-FN-3-17_S139_L001_R1_001	81349.0	74.38935942666781	221.28247427749574	38.0	301	45.45454545454545
230929-COI-COL-FN-3-17_S139_L001_R2_001	81349.0	68.4581248693899	242.22671452630027	37.0	301	45.45454545454545
230929-COI-COL-FN-3-19_S140_L001_R1_001	152964.0	79.2140634397636	137.93153944719018	46.0	64	54.54545454545454
230929-COI-COL-FN-3-19_S140_L001_R2_001	152964.0	58.4974242305379	182.7109842838838	46.0	294	45.45454545454545
230929-COI-COL-FN-3-20_S141_L001_R1_001	159215.0	77.72194830889049	162.26819709198253	38.0	64	45.45454545454545
230929-COI-COL-FN-3-20_S141_L001_R2_001	159215.0	63.212008918757654	197.4999717363314	38.0	301	45.45454545454545
230929-COI-COL-FN-3-22_S167_L001_R1_001	157348.0	75.19828660040166	100.3994648803925	43.0	64	45.45454545454545
230929-COI-COL-FN-3-22_S167_L001_R2_001	157348.0	54.8427688944251	150.71911304878358	44.0	64	45.45454545454545
230929-COI-COL-FN-3-23_S168_L001_R1_001	170115.0	77.30064956059137	132.71157158392853	40.0	64	45.45454545454545
230929-COI-COL-FN-3-23_S168_L001_R2_001	170115.0	63.06792463921465	167.21441377891426	40.0	74	45.45454545454545
230929-COI-COL-FN-3-24_S169_L001_R1_001	111919.0	76.44278451380016	204.01060588461297	35.0	301	45.45454545454545
230929-COI-COL-FN-3-24_S169_L001_R2_001	111919.0	70.28118550022785	225.49926285974678	34.0	301	45.45454545454545
230929-COI-COL-FN-3-25_S204_L001_R1_001	131593.0	77.15228013648142	142.89364175906013	39.0	64	45.45454545454545
230929-COI-COL-FN-3-25_S204_L001_R2_001	131593.0	61.267696610002055	178.485892106723	40.0	84	45.45454545454545
230929-COI-COL-FN-3-26_S205_L001_R1_001	91416.0	80.35464251334558	242.18676161722237	32.0	301	45.45454545454545
230929-COI-COL-FN-3-26_S205_L001_R2_001	91416.0	74.4497680931128	256.04155727662555	31.0	301	45.45454545454545
230929-COI-COL-FN-3-27_S206_L001_R1_001	118458.0	78.60085431123267	193.03776021881174	33.0	301	45.45454545454545
230929-COI-COL-FN-3-27_S206_L001_R2_001	118458.0	69.59513076364618	219.938298806328	33.0	301	45.45454545454545
230929-COI-COL-FN-3-28_S171_L001_R1_001	103909.0	80.20190743823923	262.9469824558027	33.0	301	45.45454545454545
230929-COI-COL-FN-3-28_S171_L001_R2_001	103909.0	78.80838040978163	269.94729041757694	32.0	301	45.45454545454545
230929-COI-EN-8-22-23_S170_L001_R1_001	168021.0	75.83754411650925	79.21274126448479	43.0	64	54.54545454545454
230929-COI-EN-8-22-23_S170_L001_R2_001	168021.0	54.36641848340386	133.89719142250075	43.0	64	45.45454545454545
230929-COI-EN-8-23-23_S142_L001_R1_001	240555.0	78.88008979235518	73.41311966078443	43.0	54	54.54545454545454
230929-COI-EN-8-23-23_S142_L001_R2_001	240555.0	55.19261731353585	134.91762382823055	43.0	64	45.45454545454545
230929-COI-EN-9-1-23_S172_L001_R1_001	227750.0	78.49352360043908	75.41695279912184	43.0	54	54.54545454545454
230929-COI-EN-9-1-23_S172_L001_R2_001	227750.0	55.03464221969848	132.27913501646543	43.0	64	45.45454545454545
230929-COI-NEG-PCR_S173_L001_R1_001	226847.0	77.3516951954401	72.95135046969985	43.0	54	54.54545454545454
230929-COI-NEG-PCR_S173_L001_R2_001	226847.0	53.597190828710225	132.27526923432976	43.0	64	45.45454545454545
230929-COI-POS-PCR_S174_L001_R1_001	22759.0	61.01761940331297	187.16977898853202	40.0	301	54.54545454545454
230929-COI-POS-PCR_S174_L001_R2_001	22759.0	51.46974823146887	207.02834043675028	41.0	301	45.45454545454545
230929-MiFishU-COL-071-B1_S4_L001_R1_001	38192.0	92.50104733975702	227.54092480100545	49.0	214	54.54545454545454
230929-MiFishU-COL-071-B1_S4_L001_R2_001	38192.0	84.75858818600754	235.68912337662337	49.0	214	45.45454545454545
230929-MiFishU-COL-071-B2_S5_L001_R1_001	35936.0	92.66752003561888	226.98948130008904	48.0	214	54.54545454545454
230929-MiFishU-COL-071-B2_S5_L001_R2_001	35936.0	84.63379341050756	235.44982747105965	49.0	224	45.45454545454545
230929-MiFishU-COL-071-B3_S6_L001_R1_001	56205.0	93.12160839782938	225.87230673427632	49.0	214	54.54545454545454
230929-MiFishU-COL-071-B3_S6_L001_R2_001	56205.0	84.8625567120363	236.63287963704298	49.0	214	45.45454545454545
230929-MiFishU-COL-071-S1_S1_L001_R1_001	70884.0	94.40917555442695	229.23257716833135	48.0	222	54.54545454545454
230929-MiFishU-COL-071-S1_S1_L001_R2_001	70884.0	88.94531911291688	237.29766943174764	48.0	224	45.45454545454545
230929-MiFishU-COL-071-S2_S2_L001_R1_001	71623.0	93.22563980844143	229.72663809111597	49.0	224	54.54545454545454
230929-MiFishU-COL-071-S2_S2_L001_R2_001	71623.0	87.35741312148332	238.52906189352584	49.0	224	45.45454545454545
230929-MiFishU-COL-071-S3_S3_L001_R1_001	98387.0	95.18635592100583	231.61482716212507	50.0	224	54.54545454545454
230929-MiFishU-COL-071-S3_S3_L001_R2_001	98387.0	88.48628375700042	244.42750566639901	51.0	224	45.45454545454545
230929-MiFishU-COL-072-B1_S10_L001_R1_001	37499.0	94.09584255580148	229.1850182671538	48.0	222	54.54545454545454
230929-MiFishU-COL-072-B1_S10_L001_R2_001	37499.0	87.63167017787141	234.90053068081815	48.0	222	45.45454545454545
230929-MiFishU-COL-072-B2_S11_L001_R1_001	68601.0	94.33973265695835	228.6109094619612	47.0	224	54.54545454545454
230929-MiFishU-COL-072-B2_S11_L001_R2_001	68601.0	87.73049955540007	234.5227037506742	48.0	224	45.45454545454545
230929-MiFishU-COL-072-S1_S7_L001_R1_001	56428.0	93.76727865598639	226.3237045438435	47.0	214	54.54545454545454
230929-MiFishU-COL-072-S1_S7_L001_R2_001	56428.0	86.97809598071879	233.04845112355568	47.0	224	45.45454545454545
230929-MiFishU-COL-072-S2_S8_L001_R1_001	86307.0	95.2135979700372	226.4168259816701	48.0	214	54.54545454545454
230929-MiFishU-COL-072-S2_S8_L001_R2_001	86307.0	88.7923343413628	233.96657281564646	49.0	224	45.45454545454545
230929-MiFishU-COL-072-S3_S9_L001_R1_001	45339.0	93.91252564017734	225.84710734687576	47.0	214	54.54545454545454
230929-MiFishU-COL-072-S3_S9_L001_R2_001	45339.0	87.9022475131785	232.01124859392576	47.0	224	45.45454545454545
230929-MiFishU-COL-073-B1_S15_L001_R1_001	53390.0	92.69713429481176	228.43292751451582	49.0	224	54.54545454545454
230929-MiFishU-COL-073-B1_S15_L001_R2_001	53390.0	87.26727851657614	239.20844727477055	49.0	224	45.45454545454545
230929-MiFishU-COL-073-B2_S16_L001_R1_001	51358.0	92.721679193115	227.40885548502666	49.0	224	54.54545454545454
230929-MiFishU-COL-073-B2_S16_L001_R2_001	51358.0	86.68756571517582	238.42859924451886	50.0	224	45.45454545454545
230929-MiFishU-COL-073-B3_S17_L001_R1_001	29316.0	91.92591076545231	226.87679083094557	48.0	214	54.54545454545454
230929-MiFishU-COL-073-B3_S17_L001_R2_001	29316.0	85.32200845954428	235.95098239869014	49.0	224	45.45454545454545
230929-MiFishU-COL-073-S1_S12_L001_R1_001	40962.0	93.08139251013134	229.11120062496948	49.0	224	54.54545454545454
230929-MiFishU-COL-073-S1_S12_L001_R2_001	40962.0	87.42493042331918	237.37603144377715	49.0	224	45.45454545454545
230929-MiFishU-COL-073-S2_S13_L001_R1_001	50484.0	93.35433008477933	228.4769828064337	48.0	224	54.54545454545454
230929-MiFishU-COL-073-S2_S13_L001_R2_001	50484.0	87.01964979003249	237.31348546074003	49.0	224	45.45454545454545
230929-MiFishU-COL-073-S3_S14_L001_R1_001	37369.0	93.24038641654847	227.80548047847145	48.0	224	54.54545454545454
230929-MiFishU-COL-073-S3_S14_L001_R2_001	37369.0	86.997243704675	238.74516310310685	49.0	224	45.45454545454545
230929-MiFishU-COL-074-B1_S21_L001_R1_001	46190.0	93.73457458324313	227.90168867720286	48.0	224	54.54545454545454
230929-MiFishU-COL-074-B1_S21_L001_R2_001	46190.0	87.41718986793678	235.41149599480406	48.0	224	45.45454545454545
230929-MiFishU-COL-074-B2_S22_L001_R1_001	43357.0	93.92024355928685	229.30507184537674	48.0	224	54.54545454545454
230929-MiFishU-COL-074-B2_S22_L001_R2_001	43357.0	86.93175265816362	238.11153908250108	48.0	224	45.45454545454545
230929-MiFishU-COL-074-B3_S23_L001_R1_001	35077.0	93.20352367648317	227.37201014910056	47.0	224	54.54545454545454
230929-MiFishU-COL-074-B3_S23_L001_R2_001	35077.0	86.3785386435556	235.0364341306269	48.0	224	45.45454545454545
230929-MiFishU-COL-074-S1_S18_L001_R1_001	19685.0	91.38938277876555	225.03124206248413	48.0	214	54.54545454545454
230929-MiFishU-COL-074-S1_S18_L001_R2_001	19685.0	83.85572771145542	233.44003048006095	48.0	214	45.45454545454545
230929-MiFishU-COL-074-S2_S19_L001_R1_001	24693.0	92.10707487952051	223.11926456890617	47.0	214	54.54545454545454
230929-MiFishU-COL-074-S2_S19_L001_R2_001	24693.0	84.7892115174341	230.45421779451667	47.0	214	45.45454545454545
230929-MiFishU-COL-074-S3_S20_L001_R1_001	23459.0	92.00306918453472	224.46429941600238	47.0	214	54.54545454545454
230929-MiFishU-COL-074-S3_S20_L001_R2_001	23459.0	84.93968199838015	232.23334327976468	48.0	214	45.45454545454545
230929-MiFishU-COL-075-B1_S27_L001_R1_001	69006.0	93.57737008376083	224.24651479581485	47.0	214	54.54545454545454
230929-MiFishU-COL-075-B1_S27_L001_R2_001	69006.0	89.0168970814132	231.00231863895894	47.0	214	45.45454545454545
230929-MiFishU-COL-075-B2_S28_L001_R1_001	43791.0	92.19702678632596	225.87965563700303	48.0	214	54.54545454545454
230929-MiFishU-COL-075-B2_S28_L001_R2_001	43791.0	86.61368774405699	232.98255349272682	49.0	214	45.45454545454545
230929-MiFishU-COL-075-B3_S29_L001_R1_001	42772.0	92.82708313850182	225.29860656504255	49.0	214	54.54545454545454
230929-MiFishU-COL-075-B3_S29_L001_R2_001	42772.0	86.82081735714954	234.21102590479754	49.0	224	45.45454545454545
230929-MiFishU-COL-075-S1_S24_L001_R1_001	41506.0	93.0636534476943	228.2763455885896	49.0	224	54.54545454545454
230929-MiFishU-COL-075-S1_S24_L001_R2_001	41506.0	88.18965932636246	239.47882233893895	49.0	224	45.45454545454545
230929-MiFishU-COL-075-S2_S25_L001_R1_001	27282.0	91.58786012755664	228.37764826625613	49.0	224	54.54545454545454
230929-MiFishU-COL-075-S2_S25_L001_R2_001	27282.0	87.65486401290228	238.1936808151895	50.0	224	45.45454545454545
230929-MiFishU-COL-075-S3_S26_L001_R1_001	42939.0	93.74228556789865	224.406227438925	47.0	214	54.54545454545454
230929-MiFishU-COL-075-S3_S26_L001_R2_001	42939.0	88.52558280351195	230.53000768532104	47.0	214	45.45454545454545
230929-MiFishU-COL-076-B1_S33_L001_R1_001	82886.0	94.22821706922761	224.8393094129286	48.0	214	54.54545454545454
230929-MiFishU-COL-076-B1_S33_L001_R2_001	82886.0	88.29355982916294	232.10746084984194	48.0	224	45.45454545454545
230929-MiFishU-COL-076-B2_S34_L001_R1_001	73720.0	93.95008138903961	223.62403689636463	47.0	214	54.54545454545454
230929-MiFishU-COL-076-B2_S34_L001_R2_001	73720.0	87.69397721106891	231.10088171459577	48.0	214	45.45454545454545
230929-MiFishU-COL-076-B3_S35_L001_R1_001	56236.0	93.26587950778861	224.63277971406217	47.0	214	54.54545454545454
230929-MiFishU-COL-076-B3_S35_L001_R2_001	56236.0	87.64314673874387	232.11556654100576	48.0	217	36.36363636363637
230929-MiFishU-COL-076-S1_S30_L001_R1_001	28532.0	92.05453525865694	225.83481704752558	48.0	214	54.54545454545454
230929-MiFishU-COL-076-S1_S30_L001_R2_001	28532.0	84.49109771484649	234.08769101359877	49.0	224	45.45454545454545
230929-MiFishU-COL-076-S2_S31_L001_R1_001	21088.0	89.98008345978755	223.48567905918057	47.0	214	54.54545454545454
230929-MiFishU-COL-076-S2_S31_L001_R2_001	21088.0	84.24222306525039	229.84721168437025	47.0	214	45.45454545454545
230929-MiFishU-COL-076-S3_S32_L001_R1_001	27822.0	91.20839623319675	224.63870318453021	48.0	214	54.54545454545454
230929-MiFishU-COL-076-S3_S32_L001_R2_001	27822.0	84.95794694845806	230.3344116167062	48.0	214	36.36363636363637
230929-MiFishU-COL-077-B1_S43_L001_R1_001	59908.0	94.20611604460173	224.09374374040195	46.0	214	54.54545454545454
230929-MiFishU-COL-077-B1_S43_L001_R2_001	59908.0	88.59584696534687	231.36949989984643	46.0	214	45.45454545454545
230929-MiFishU-COL-077-B2_S44_L001_R1_001	31475.0	92.53375694996029	225.29083399523432	48.0	214	54.54545454545454
230929-MiFishU-COL-077-B2_S44_L001_R2_001	31475.0	85.67116759332804	235.71444003177126	48.0	224	45.45454545454545
230929-MiFishU-COL-077-B3_S45_L001_R1_001	51517.0	93.19059727856823	225.431022769183	47.0	214	54.54545454545454
230929-MiFishU-COL-077-B3_S45_L001_R2_001	51517.0	86.09973406836578	234.56451268513305	47.0	214	45.45454545454545
230929-MiFishU-COL-077-S1_S40_L001_R1_001	10480.0	90.06679389312977	224.06860687022902	46.0	214	54.54545454545454
230929-MiFishU-COL-077-S1_S40_L001_R2_001	10480.0	84.13167938931298	230.21879770992368	47.0	224	45.45454545454545
230929-MiFishU-COL-077-S2_S41_L001_R1_001	39797.0	93.01706158755685	222.93439203960097	47.0	214	54.54545454545454
230929-MiFishU-COL-077-S2_S41_L001_R2_001	39797.0	87.2100912129055	230.3522376058497	48.0	214	45.45454545454545
230929-MiFishU-COL-077-S3_S42_L001_R1_001	24389.0	94.22280536307352	222.91319857312723	49.0	214	54.54545454545454
230929-MiFishU-COL-077-S3_S42_L001_R2_001	24389.0	86.55131411701997	236.28402148509574	49.0	214	45.45454545454545
230929-MiFishU-COL-078-B1_S49_L001_R1_001	33417.0	91.8963401861328	227.68282610647276	48.0	224	54.54545454545454
230929-MiFishU-COL-078-B1_S49_L001_R2_001	33417.0	85.22608253284257	234.8555525630667	48.0	224	45.45454545454545
230929-MiFishU-COL-078-B2_S50_L001_R1_001	43409.0	93.5197770047686	227.2673408740123	48.0	217	54.54545454545454
230929-MiFishU-COL-078-B2_S50_L001_R2_001	43409.0	87.3067797000622	233.5436199866387	49.0	224	45.45454545454545
230929-MiFishU-COL-078-B3_S51_L001_R1_001	52340.0	92.81047000382117	226.4933893771494	48.0	214	54.54545454545454
230929-MiFishU-COL-078-B3_S51_L001_R2_001	52340.0	87.80855941918227	234.23998853649218	48.0	224	45.45454545454545
230929-MiFishU-COL-078-S1_S46_L001_R1_001	50515.0	95.03117885776501	223.38626150648324	49.0	214	54.54545454545454
230929-MiFishU-COL-078-S1_S46_L001_R2_001	50515.0	88.77561120459269	232.7661882609126	49.0	214	45.45454545454545
230929-MiFishU-COL-078-S2_S47_L001_R1_001	21564.0	92.8955666852161	226.72171211278055	47.0	224	54.54545454545454
230929-MiFishU-COL-078-S2_S47_L001_R2_001	21564.0	86.28269337785198	233.21948618067148	47.0	224	45.45454545454545
230929-MiFishU-COL-078-S3_S48_L001_R1_001	97848.0	95.19765350339301	223.45508339465295	49.0	214	54.54545454545454
230929-MiFishU-COL-078-S3_S48_L001_R2_001	97848.0	89.24863052898372	230.80353200883002	49.0	214	45.45454545454545
230929-MiFishU-COL-079-B1_S55_L001_R1_001	82546.0	95.07062728660384	223.17685896348704	46.0	214	54.54545454545454
230929-MiFishU-COL-079-B1_S55_L001_R2_001	82546.0	90.107334092506	229.7126208417125	46.0	214	45.45454545454545
230929-MiFishU-COL-079-B2_S56_L001_R1_001	68579.0	94.68787821344726	224.22610420099448	46.0	214	54.54545454545454
230929-MiFishU-COL-079-B2_S56_L001_R2_001	68579.0	89.1570305778737	231.44047011475817	47.0	214	45.45454545454545
230929-MiFishU-COL-079-B3_S57_L001_R1_001	152470.0	96.06348789925887	223.43878795828687	46.0	214	54.54545454545454
230929-MiFishU-COL-079-B3_S57_L001_R2_001	152470.0	90.96674755689644	232.1588378041582	47.0	214	45.45454545454545
230929-MiFishU-COL-079-S1_S52_L001_R1_001	120150.0	96.20640865584686	229.69340823970037	47.0	224	54.54545454545454
230929-MiFishU-COL-079-S1_S52_L001_R2_001	120150.0	91.21847690387017	235.07749479816894	47.0	224	45.45454545454545
230929-MiFishU-COL-079-S2_S53_L001_R1_001	51452.0	95.3529503226308	229.98641452227318	46.0	224	54.54545454545454
230929-MiFishU-COL-079-S2_S53_L001_R2_001	51452.0	89.77299230350619	236.107031796626	47.0	224	45.45454545454545
230929-MiFishU-COL-079-S3_S54_L001_R1_001	25896.0	93.48934198331789	224.05023941921533	46.0	224	54.54545454545454
230929-MiFishU-COL-079-S3_S54_L001_R2_001	25896.0	88.11399443929564	228.78610596231078	46.0	224	45.45454545454545
230929-MiFishU-COL-080-B1_S61_L001_R1_001	65701.0	94.11272278960746	223.648879012496	46.0	214	54.54545454545454
230929-MiFishU-COL-080-B1_S61_L001_R2_001	65701.0	88.25893060988417	233.95339492549581	47.0	214	45.45454545454545
230929-MiFishU-COL-080-B2_S62_L001_R1_001	52944.0	94.06731640979147	221.4507970686008	45.0	214	54.54545454545454
230929-MiFishU-COL-080-B2_S62_L001_R2_001	52944.0	89.04691749773346	228.22202704744635	45.0	214	45.45454545454545
230929-MiFishU-COL-080-B3_S63_L001_R1_001	49319.0	93.4548551268274	222.88126279932683	46.0	214	54.54545454545454
230929-MiFishU-COL-080-B3_S63_L001_R2_001	49319.0	87.45919422534925	231.38822766073926	47.0	214	45.45454545454545
230929-MiFishU-COL-080-S1_S58_L001_R1_001	59659.0	94.55404884426491	226.88343753666672	48.0	214	54.54545454545454
230929-MiFishU-COL-080-S1_S58_L001_R2_001	59659.0	88.25323924303123	234.44829782597765	48.0	224	45.45454545454545
230929-MiFishU-COL-080-S2_S59_L001_R1_001	53029.0	95.3119990948349	221.11022270832942	48.0	214	54.54545454545454
230929-MiFishU-COL-080-S2_S59_L001_R2_001	53029.0	89.75277678251523	228.3299326783458	48.0	214	45.45454545454545
230929-MiFishU-COL-080-S3_S60_L001_R1_001	21476.0	91.84205624883592	214.5133171912833	48.0	214	54.54545454545454
230929-MiFishU-COL-080-S3_S60_L001_R2_001	21476.0	85.8958837772397	221.63675731048613	48.0	214	45.45454545454545
230929-MiFishU-COL-081-B1_S75_L001_R1_001	48001.0	93.58346701110393	222.19791254348868	46.0	214	54.54545454545454
230929-MiFishU-COL-081-B1_S75_L001_R2_001	48001.0	88.00024999479177	229.21889127309848	46.0	214	45.45454545454545
230929-MiFishU-COL-081-B2_S76_L001_R1_001	48589.0	94.02539669472515	221.53499763320917	46.0	214	54.54545454545454
230929-MiFishU-COL-081-B2_S76_L001_R2_001	48589.0	88.2174977875651	229.64105044351604	47.0	214	45.45454545454545
230929-MiFishU-COL-081-S1_S72_L001_R1_001	29951.0	93.44596173750459	224.38439451103469	48.0	214	54.54545454545454
230929-MiFishU-COL-081-S1_S72_L001_R2_001	29951.0	86.78174351440687	231.52832960502153	49.0	214	45.45454545454545
230929-MiFishU-COL-081-S2_S73_L001_R1_001	22816.0	92.47019635343618	224.58182854137448	49.0	214	54.54545454545454
230929-MiFishU-COL-081-S2_S73_L001_R2_001	22816.0	85.20336605890603	231.97554347826087	50.0	214	45.45454545454545
230929-MiFishU-COL-081-S3_S74_L001_R1_001	15438.0	91.81888845705402	225.1801399144967	49.0	214	54.54545454545454
230929-MiFishU-COL-081-S3_S74_L001_R2_001	15438.0	82.98354709159217	233.30152869542687	49.0	214	45.45454545454545
230929-MiFishU-COL-082-B1_S80_L001_R1_001	36279.0	93.05107638027509	223.6058877036302	49.0	214	54.54545454545454
230929-MiFishU-COL-082-B1_S80_L001_R2_001	36279.0	86.4852945230023	232.00600898591472	49.0	214	45.45454545454545
230929-MiFishU-COL-082-B2_S81_L001_R1_001	60227.0	94.12887907416939	222.54525378982848	48.0	214	54.54545454545454
230929-MiFishU-COL-082-B2_S81_L001_R2_001	60227.0	87.92734155777309	230.1935510651369	48.0	214	45.45454545454545
230929-MiFishU-COL-082-B3_S82_L001_R1_001	69081.0	94.96098782588555	222.08058655780894	48.0	214	54.54545454545454
230929-MiFishU-COL-082-B3_S82_L001_R2_001	69081.0	89.5962710441366	230.5106179702089	48.0	214	45.45454545454545
230929-MiFishU-COL-082-S1_S77_L001_R1_001	57702.0	95.20987140827008	225.67299227063188	50.0	214	54.54545454545454
230929-MiFishU-COL-082-S1_S77_L001_R2_001	57702.0	88.40248171640498	235.82314304530172	50.0	214	45.45454545454545
230929-MiFishU-COL-082-S2_S78_L001_R1_001	44916.0	93.95983613856977	225.59809422032237	49.0	214	54.54545454545454
230929-MiFishU-COL-082-S2_S78_L001_R2_001	44916.0	87.5256033484727	233.76122094576542	49.0	214	45.45454545454545
230929-MiFishU-COL-082-S3_S79_L001_R1_001	64541.0	94.49497218822144	226.11491919864892	50.0	214	54.54545454545454
230929-MiFishU-COL-082-S3_S79_L001_R2_001	64541.0	87.11361770037651	234.32562247253685	50.0	224	45.45454545454545
230929-MiFishU-COL-083-B1_S86_L001_R1_001	71757.0	94.5162144459774	225.70486503058936	48.0	214	54.54545454545454
230929-MiFishU-COL-083-B1_S86_L001_R2_001	71757.0	87.53013643268253	233.51585211198906	48.0	224	45.45454545454545
230929-MiFishU-COL-083-B2_S87_L001_R1_001	92363.0	95.09002522655176	227.01804835269533	49.0	224	54.54545454545454
230929-MiFishU-COL-083-B2_S87_L001_R2_001	92363.0	88.08180765024956	234.88850513733854	49.0	224	45.45454545454545
230929-MiFishU-COL-083-B3_S88_L001_R1_001	56531.0	94.05635845819108	225.3510109497444	47.0	214	54.54545454545454
230929-MiFishU-COL-083-B3_S88_L001_R2_001	56531.0	86.13150306911253	232.99131450000885	48.0	214	45.45454545454545
230929-MiFishU-COL-083-S1_S83_L001_R1_001	49026.0	94.42336719291805	229.38744747684902	47.0	224	54.54545454545454
230929-MiFishU-COL-083-S1_S83_L001_R2_001	49026.0	88.37351609350141	234.55101374780727	47.0	224	45.45454545454545
230929-MiFishU-COL-083-S2_S84_L001_R1_001	47137.0	93.92409359950781	226.8093217642192	47.0	224	54.54545454545454
230929-MiFishU-COL-083-S2_S84_L001_R2_001	47137.0	87.41964910791947	233.24061777372341	47.0	224	45.45454545454545
230929-MiFishU-COL-083-S3_S85_L001_R1_001	61747.0	94.87910343822372	229.52608223881322	47.0	224	54.54545454545454
230929-MiFishU-COL-083-S3_S85_L001_R2_001	61747.0	88.29740716148153	237.06928271818873	47.0	224	45.45454545454545
230929-MiFishU-COL-084-B1_S92_L001_R1_001	140427.0	94.41631595063627	226.03064225540672	48.0	214	54.54545454545454
230929-MiFishU-COL-084-B1_S92_L001_R2_001	140427.0	87.90902034509033	233.5778447164719	49.0	214	45.45454545454545
230929-MiFishU-COL-084-B2_S93_L001_R1_001	344539.0	95.59904684230233	225.3550947788204	48.0	214	54.54545454545454
230929-MiFishU-COL-084-B2_S93_L001_R2_001	344539.0	89.08802777044109	234.83665419589656	48.0	214	45.45454545454545
230929-MiFishU-COL-084-B3_S94_L001_R1_001	154578.0	94.55873410187738	225.27864896686464	49.0	214	54.54545454545454
230929-MiFishU-COL-084-B3_S94_L001_R2_001	154578.0	88.37868260683926	235.1202305632108	50.0	214	45.45454545454545
230929-MiFishU-COL-084-S1_S89_L001_R1_001	108401.0	95.66424663979114	220.61478215145615	46.0	214	54.54545454545454
230929-MiFishU-COL-084-S1_S89_L001_R2_001	108401.0	88.51302109759135	231.26792188263946	47.0	214	45.45454545454545
230929-MiFishU-COL-084-S2_S90_L001_R1_001	226403.0	96.29201026488165	223.0972116093868	47.0	214	54.54545454545454
230929-MiFishU-COL-084-S2_S90_L001_R2_001	226403.0	91.11540041430547	231.2509949073113	47.0	214	45.45454545454545
230929-MiFishU-COL-084-S3_S91_L001_R1_001	134192.0	95.69497436508883	221.9715556814117	46.0	214	54.54545454545454
230929-MiFishU-COL-084-S3_S91_L001_R2_001	134192.0	90.4100095385716	229.16506200071538	46.0	214	45.45454545454545
230929-MiFishU-COL-085-B1_S98_L001_R1_001	83813.0	93.41868206602794	223.34016202737047	47.0	214	54.54545454545454
230929-MiFishU-COL-085-B1_S98_L001_R2_001	83813.0	87.56517485354301	229.81510028277236	47.0	214	45.45454545454545
230929-MiFishU-COL-085-B2_S99_L001_R1_001	59263.0	92.44553937532693	223.83951200580464	46.0	214	54.54545454545454
230929-MiFishU-COL-085-B2_S99_L001_R2_001	59263.0	84.65315626951049	235.31694311796568	47.0	214	45.45454545454545
230929-MiFishU-COL-085-B3_S100_L001_R1_001	69270.0	93.08502959434098	223.16818247437564	47.0	214	54.54545454545454
230929-MiFishU-COL-085-B3_S100_L001_R2_001	69270.0	86.41258842211636	231.67010249747366	47.0	214	45.45454545454545
230929-MiFishU-COL-085-S1_S95_L001_R1_001	102883.0	95.49682649222903	227.2232049998542	47.0	224	54.54545454545454
230929-MiFishU-COL-085-S1_S95_L001_R2_001	102883.0	89.42196475608215	233.25598981367185	47.0	224	45.45454545454545
230929-MiFishU-COL-085-S2_S96_L001_R1_001	44342.0	93.42158675747598	225.0728880068558	48.0	224	54.54545454545454
230929-MiFishU-COL-085-S2_S96_L001_R2_001	44342.0	87.25361959316224	231.53781967434938	48.0	224	45.45454545454545
230929-MiFishU-COL-085-S3_S97_L001_R1_001	33407.0	92.04358368006706	228.89382464752896	47.0	224	54.54545454545454
230929-MiFishU-COL-085-S3_S97_L001_R2_001	33407.0	85.74250905498847	233.89151974137158	47.0	224	45.45454545454545
230929-MiFishU-COL-FN-3-17_S36_L001_R1_001	60875.0	95.05544147843942	220.33273100616017	44.0	214	54.54545454545454
230929-MiFishU-COL-FN-3-17_S36_L001_R2_001	60875.0	89.69856262833676	226.95676386036962	45.0	214	45.45454545454545
230929-MiFishU-COL-FN-3-19_S37_L001_R1_001	78336.0	95.52057802287581	214.97707312091504	44.0	214	54.54545454545454
230929-MiFishU-COL-FN-3-19_S37_L001_R2_001	78336.0	89.64716094771242	225.38438265931373	44.0	214	45.45454545454545
230929-MiFishU-COL-FN-3-20_S38_L001_R1_001	7255.0	82.93590627153688	114.2420399724328	44.0	54	63.63636363636363
230929-MiFishU-COL-FN-3-20_S38_L001_R2_001	7255.0	79.40730530668505	121.11426602343212	45.0	54	54.54545454545454
230929-MiFishU-COL-FN-3-22_S64_L001_R1_001	79080.0	95.62974203338392	225.37102933737987	49.0	224	54.54545454545454
230929-MiFishU-COL-FN-3-22_S64_L001_R2_001	79080.0	90.35912999494184	231.8939301972686	49.0	224	45.45454545454545
230929-MiFishU-COL-FN-3-23_S65_L001_R1_001	78737.0	95.20682779379453	220.8537282345022	52.0	224	54.54545454545454
230929-MiFishU-COL-FN-3-23_S65_L001_R2_001	78737.0	90.10884336461892	227.01360224545004	52.0	224	45.45454545454545
230929-MiFishU-COL-FN-3-24_S66_L001_R1_001	3589.0	87.43382557815548	208.19504040122598	44.0	214	54.54545454545454
230929-MiFishU-COL-FN-3-24_S66_L001_R2_001	3589.0	78.74059626636947	217.37531345778768	45.0	214	45.45454545454545
230929-MiFishU-COL-FN-3-25_S101_L001_R1_001	22239.0	90.14793830657854	223.84450739691533	45.0	214	54.54545454545454
230929-MiFishU-COL-FN-3-25_S101_L001_R2_001	22239.0	82.15747110931247	233.17766086604612	46.0	214	45.45454545454545
230929-MiFishU-COL-FN-3-26_S102_L001_R1_001	17333.0	89.73057174176427	217.7689378641897	51.0	224	54.54545454545454
230929-MiFishU-COL-FN-3-26_S102_L001_R2_001	17333.0	81.95349910575203	228.14959903075058	51.0	224	45.45454545454545
230929-MiFishU-COL-FN-3-27_S103_L001_R1_001	7210.0	83.98058252427184	200.51733703190013	44.0	214	54.54545454545454
230929-MiFishU-COL-FN-3-27_S103_L001_R2_001	7210.0	75.52011095700416	209.52205270457696	44.0	214	45.45454545454545
230929-MiFishU-COL-FN-3-28_S68_L001_R1_001	7015.0	91.17605131860299	223.58902352102638	48.0	214	54.54545454545454
230929-MiFishU-COL-FN-3-28_S68_L001_R2_001	7015.0	85.54526015680685	231.07013542409123	48.0	214	45.45454545454545
230929-MiFishU-EN-8-22-23_S67_L001_R1_001	11450.0	87.1004366812227	65.87580786026201	46.0	34	72.72727272727273
230929-MiFishU-EN-8-22-23_S67_L001_R2_001	11450.0	86.31441048034935	77.39493449781659	47.0	34	72.72727272727273
230929-MiFishU-EN-8-23-23_S39_L001_R1_001	57550.0	84.79061685490878	85.73775847089487	48.0	44	63.63636363636363
230929-MiFishU-EN-8-23-23_S39_L001_R2_001	57550.0	84.39096437880104	86.93176368375326	48.0	44	54.54545454545454
230929-MiFishU-EN-9-1-23_S69_L001_R1_001	33819.0	89.42606227268695	115.96073213282475	47.0	44	72.72727272727273
230929-MiFishU-EN-9-1-23_S69_L001_R2_001	33819.0	88.09544930364588	122.02835684082912	47.0	44	63.63636363636363
230929-MiFishU-NEG-PCR_S70_L001_R1_001	41752.0	86.98505460816249	68.83136137191033	46.0	34	72.72727272727273
230929-MiFishU-NEG-PCR_S70_L001_R2_001	41752.0	88.08200804751868	75.1219582295459	46.0	34	72.72727272727273
230929-MiFishU-POS-PCR_S71_L001_R1_001	19363.0	92.79553788152663	215.88323090430202	40.0	214	54.54545454545454
230929-MiFishU-POS-PCR_S71_L001_R2_001	19363.0	87.5742395289986	219.5598822496514	41.0	214	54.54545454545454
